map2	map2	4	5		1.12717	1.18266	2.30983
map2	map2	8	9		0.253891	1.38442	1.63831
map2	map2	8	10		0.682732	0.472562	1.15529
map2	map2	4	6		1.06834	3.42561	4.49395
map2	map1	8	11		0.696689	0.854723	1.55141
map2	map1	8	12		0	2.81121	2.81121
mpp	map1	0	1		1.41525	9.96653	11.3818
map2	map1	8	13		0.104032	0.223241	0.327273
map2	map2	9	10		0.482092	0.489304	0.971396
map2	map1	9	11		0.403602	2.15859	2.56219
map1	map1	4	7		5.83719	4.11048	9.94767
map2	map1	9	12		1.06645	0	1.06645
map2	map2	2	3		7.68472	9.93201	17.6167
map2	map1	9	13		0.880145	0	0.880145
map1	map1	4	8		1.81791	0.652778	2.47069
map1	map1	10	11		0.252014	0.242376	0.49439
map2	map2	4	9		0.289256	0.305317	0.594573
map2	map2	2	4		1.21737	1.4293	2.64667
map2	map1	10	12		0.693742	2.93532	3.62907
map2	map2	0	2		4.56644	8.80295	13.3694
map1	map1	10	13		0.368213	0.456482	0.824695
map2	map1	11	12		0	0	0
map2	map1	11	13		0	0	0
map1	map1	12	13		0	0	0
map2	map2	4	10		2.49882	3.09348	5.5923
map2	map1	4	11		0.105653	0.669071	0.774723
map2	map1	4	12		0.0969589	1.50635	1.60331
map2	map2	2	5		3.45383	7.16534	10.6192
map2	map1	4	13		0.550662	3.18009	3.73075
map2	map2	2	6		1.58342	3.08818	4.6716
map1	map2	5	6		2.18076	1.01114	3.19191
map2	map2	0	3		7.8545	9.62978	17.4843
map1	map1	5	7		4.57221	3.90056	8.47277
map1	map1	5	8		0.342009	0.850037	1.19205
map1	map1	5	9		1.1726	0.341861	1.51446
map1	map1	2	7		4.54356	8.2647	12.8083
map2	map2	2	8		1.26838	1.08844	2.35682
map2	map2	0	4		4.49982	5.07498	9.5748
map2	map2	5	10		2.06499	1.96641	4.0314
map2	map2	2	9		1.43184	1.30968	2.74152
map1	map1	5	11		1.26197	2.42341	3.68538
map2	map2	0	5		2.75463	2.50096	5.2556
map2	map2	2	10		0.728665	1.59955	2.32822
map2	map2	2	11		0	0	0
map2	map2	2	12		0	0	0
map2	map1	5	12		0.86306	3.10905	3.97211
map2	map2	0	6		2.61307	4.53834	7.15141
mpp	map2	0	7		0.741043	0	0.741043
map2	map2	0	8		1.23623	1.26754	2.50377
map2	map1	5	13		0.974042	6.70697	7.68101
map2	map2	0	9		0.788455	0.727634	1.51609
map2	map1	2	13		0	9.99985	9.99985
map2	map2	0	10		1.60349	1.76714	3.37063
map2	map2	0	11		0	0	0
map2	map2	0	12		0	0	0
map1	map1	6	7		3.55382	1.96821	5.52203
map2	map2	0	13		0	0	0
map1	map1	6	8		1.78453	4.05348	5.83801
map1	map1	6	9		2.06708	2.30188	4.36896
map2	map1	3	4		4.35692	9.46281	13.8197
map2	map2	1	2		4.66999	8.77003	13.44
map2	map2	6	10		1.79	1.02166	2.81166
map2	map1	6	11		0.171962	1.53057	1.70253
map2	map1	6	12		0.000442062	0.427439	0.427881
map2	map2	3	5		3.87669	2.81151	6.6882
map2	map1	6	13		0.171391	5.17372	5.34511
map2	map2	7	8		0.752015	1.45954	2.21156
map2	map2	7	9		0.264648	0.714667	0.979314
map2	map2	7	10		0.54845	0.535261	1.08371
map2	map2	7	11		0	0	0
map2	map2	7	12		0	0	0
map2	map2	7	13		0	0	0
map2	map2	3	6		4.76994	4.39285	9.16279
map2	map2	1	3		7.31184	9.43391	16.7457
map2	map2	1	4		2.87329	4.4095	7.28279
map2	map2	1	5		2.59104	3.40922	6.00026
map1	map1	3	7		7.92394	9.91716	17.8411
map2	map2	1	6		1.99563	2.07511	4.07074
mpp	map2	1	7		0.741043	0	0.741043
map2	map2	1	8		2.29395	0.936434	3.23039
map2	map2	1	9		0.800279	2.12006	2.92034
map2	map2	1	10		2.03537	1.81261	3.84798
map2	map2	1	11		0	0	0
map2	map2	1	12		0	0	0
map2	map2	1	13		0	0	0
map1	map1	3	8		7.92956	9.87662	17.8062
map2	map2	3	9		3.87591	1.9744	5.85031
map2	map2	3	10		3.20468	2.00062	5.20531
map2	map1	3	11		0	9.99985	9.99985
map2	map1	3	12		0.714718	9.99623	10.711
map2	map1	3	13		0.140711	9.99985	10.1406
