mpp	map1	0	1		0	2.22402	2.22402
map1	map1	6	7		2.67895	0.563334	3.24228
map1	map1	6	8		1.64133	2.42427	4.0656
map2	map2	0	2		0	10.211	10.211
map1	map1	6	9		0.804258	2.30309	3.10735
map2	map1	3	4		1.83536	18.816	20.6514
map2	map2	3	5		0.415501	0.405718	0.821219
map2	map2	6	10		4.38029	2.01088	6.39117
map2	map2	0	3		5.74126	10.4799	16.2212
map2	map1	6	11		0	4.66437	4.66437
map2	map2	0	4		0.991024	1.70986	2.70088
map2	map1	6	12		0	3.738	3.738
map2	map2	3	6		8.82502	2.85417	11.6792
map2	map1	6	13		0.168071	0.803963	0.972035
map2	map2	0	5		4.6732	3.73325	8.40645
map2	map2	7	8		0	3.31724	3.31724
map2	map2	7	9		0.714225	0.622718	1.33694
map2	map2	0	6		3.82816	1.63199	5.46014
mpp	map2	0	7		0	0	0
map2	map2	7	10		1.64607	1.05402	2.70009
map2	map2	7	11		0	0	0
map2	map2	7	12		0	0	0
map2	map2	7	13		0	0	0
map2	map2	0	8		0	2.24192	2.24192
map2	map2	0	9		0.592952	1.00554	1.5985
map2	map2	8	9		0.930688	0.672081	1.60277
map1	map1	3	7		5.05371	13.3915	18.4452
map2	map2	0	10		1.16645	1.26607	2.43252
map2	map2	0	11		0	0	0
map2	map2	0	12		0	0	0
map2	map2	0	13		0	0	0
map2	map2	8	10		1.88205	3.59163	5.47367
map2	map1	8	11		0.549676	0.156048	0.705724
map2	map1	8	12		0	0.713231	0.713231
map2	map1	8	13		0.593984	0	0.593984
map2	map2	1	2		0	9.56114	9.56114
map1	map1	3	8		5.64052	12.6774	18.3179
map2	map2	9	10		2.74638	1.74366	4.49005
map2	map1	9	11		0	0	0
map2	map1	9	12		0	0	0
map2	map1	9	13		0	0	0
map1	map1	10	11		0.601646	3.6812	4.28284
map2	map2	3	9		3.7835	4.52267	8.30618
map2	map1	10	12		0	3.9136	3.9136
map2	map2	3	10		1.81592	2.34867	4.16459
map2	map2	1	3		5.14522	13.7868	18.932
map1	map1	10	13		2.75825	1.95362	4.71186
map2	map1	11	12		0	0	0
map2	map1	11	13		0	0	0
map1	map1	12	13		0	0	0
map2	map2	1	4		3.80583	4.36575	8.17158
map2	map2	1	5		2.32964	2.87898	5.20862
map2	map1	3	11		0	19.9411	19.9411
map2	map2	1	6		2.50187	3.20344	5.70531
mpp	map2	1	7		0	0	0
map2	map2	1	8		0	2.89458	2.89458
map2	map2	1	9		0.18154	1.48518	1.66672
map2	map2	1	10		2.16716	1.32162	3.48877
map2	map2	1	11		0	0	0
map2	map2	1	12		0	0	0
map2	map2	1	13		0	0	0
map2	map1	3	12		0.338752	19.0308	19.3695
map2	map2	2	3		4.82452	13.1282	17.9527
map2	map1	3	13		0.0517212	18.0273	18.0791
map2	map2	2	4		2.42338	3.19719	5.62058
map2	map2	4	5		1.78125	1.18499	2.96624
map2	map2	4	6		2.72893	2.35187	5.0808
map2	map2	2	5		3.19359	7.69348	10.8871
map1	map1	4	7		3.60855	3.18288	6.79143
map1	map1	4	8		1.63115	0.666353	2.2975
map2	map2	2	6		2.72132	2.69563	5.41695
map2	map2	4	9		1.15673	1.07156	2.22829
map2	map2	4	10		0.256838	0.28012	0.536958
map1	map1	2	7		0	10.5614	10.5614
map2	map2	2	8		0	2.38918	2.38918
map2	map1	4	11		0	3.59249	3.59249
map2	map1	4	12		0.237682	1.77046	2.00814
map2	map2	2	9		0.953739	2.90802	3.86176
map2	map1	4	13		0.865999	1.13079	1.99679
map2	map2	2	10		3.21983	1.50188	4.72171
map2	map2	2	11		0	0	0
map2	map2	2	12		0	0	0
map1	map2	5	6		1.54733	0.442	1.98933
map1	map1	5	7		1.11177	0.556198	1.66796
map2	map1	2	13		0	10.0588	10.0588
map1	map1	5	8		1.99572	1.42474	3.42046
map1	map1	5	9		1.48724	0.962958	2.4502
map2	map2	5	10		2.76902	2.84586	5.61488
map1	map1	5	11		4.32597	1.63925	5.96522
map2	map1	5	12		0.0562892	0	0.0562892
map2	map1	5	13		0.689469	2.31524	3.00471
