mpp	map1	0	1		0	2.42029	2.42029
map1	map1	6	7		0.363616	0.430608	0.794224
map1	map1	6	8		0.625776	0.536033	1.16181
map1	map1	6	9		2.33399	1.5397	3.87369
map2	map2	0	2		0	9.07187	9.07187
map2	map1	3	4		0.65364	9.73855	10.3922
map2	map2	6	10		2.46296	1.49434	3.9573
map2	map1	6	11		0	0	0
map2	map1	6	12		0	0	0
map2	map1	6	13		0	0	0
map2	map2	7	8		0	3.96049	3.96049
map2	map2	7	9		0.819731	1.04418	1.86391
map2	map2	0	3		5.53937	9.18947	14.7288
map2	map2	3	5		5.71718	7.3596	13.0768
map2	map2	7	10		1.19598	2.40357	3.59955
map2	map2	7	11		0	0	0
map2	map2	7	12		0	0	0
map2	map2	7	13		0	0	0
map2	map2	8	9		0.527232	0.549188	1.07642
map2	map2	0	4		4.21724	4.22462	8.44186
map2	map2	3	6		5.01879	2.97484	7.99363
map2	map2	8	10		1.29732	2.01691	3.31423
map2	map1	8	11		0	0	0
8	0.841167	1.56467
map2	map1	8	12		0	0	0
map2	map1	8	13		0	0	0
map2	map2	9	10		1.45173	1.4215	2.87323
map2	map1	9	11		0	0	0
map2	map1	9	12		0	0	0
map2	map1	9	13		0	0	0
map2	map2	0	6		1.97522	2.97866	4.95388
mpp	map2	0	7		0	0	0
map2	map2	0	8		0	2.92241	2.92241
map2	map2	0	9		0.59531	0.911089	1.5064
map1	map1	3	7		6.14063	9.6944	15.835
map1	map1	10	11		3.84396	3.28926	7.13323
map2	map1	10	12		0	0	0
map2	map2	0	10		1.6257	2.59315	4.21885
map2	map2	0	11		0	0	0
map2	map2	0	12		0	0	0
map2	map2	0	13		0	0	0
map1	map1	10	13		0.881669	1.60201	2.48368
map2	map1	11	12		0	0	0
map2	map1	11	13		0	0	0
map1	map1	12	13		0	0	0
map1	map1	3	8		5.90984	9.10117	15.011
map2	map2	1	2		0	9.01889	9.01889
map2	map2	3	9		3.45584	1.16403	4.61986
map2	map2	3	10		2.76868	3.41289	6.18157
map2	map2	1	3		5.92308	8.60908	14.5322
map2	map2	1	4		2.60515	4.4031	7.00825
map2	map2	1	5		0.234813	0.48889	0.723703
map2	map1	3	11		0	9.73654	9.73654
map2	map2	1	6		3.00767	3.17887	6.18654
mpp	map2	1	7		0	0	0
map2	map2	1	8		0	0.510723	0.510723
map2	map2	1	9		2.02777	0.554306	2.58208
map2	map1	3	12		0.438303	9.65828	10.0966
map2	map2	1	10		2.57803	2.54953	5.12756
map2	map2	1	11		0	0	0
map2	map2	1	12		0	0	0
map2	map2	1	13		0	0	0
map2	map1	3	13		0.100937	9.68276	9.7837
map2	map2	4	5		0.476786	0.489929	0.966715
map2	map2	2	3		5.90462	9.69882	15.6034
map2	map2	4	6		3.2374	2.57442	5.81182
map2	map2	2	4		2.3958	1.73744	4.13325
map1	map1	4	7		3.43657	2.04382	5.48039
map1	map1	4	8		0.0218084	0.0209243	0.0427326
map2	map2	4	9		0.669724	0.835096	1.50482
map2	map2	2	5		1.7911	1.78813	3.57923
map2	map2	2	6		1.70139	1.4216	3.12299
map2	map2	4	10		1.92498	1.28467	3.20965
map2	map1	4	11		0	0	0
map2	map1	4	12		0.824593	2.72814	3.55274
map2	map1	4	13		0	0	0
map1	map1	2	7		0	8.68133	8.68133
map1	map2	5	6		0.654165	3.26687	3.92103
map2	map2	2	8		0	2.09392	2.09392
map1	map1	5	7		1.30804	3.92845	5.23649
map2	map2	2	9		0.883849	1.76864	2.65249
map1	map1	5	8		1.09682	3.09941	4.19623
map2	map2	2	10		3.29168	3.32602	6.61769
map2	map2	2	11		0	0	0
map2	map2	2	12		0	0	0
map1	map1	5	9		1.2809	2.95226	4.23315
map2	map2	5	10		1.41715	1.3283	2.74544
map2	map1	2	13		0	8.45215	8.45215
map1	map1	5	11		2.50859	2.09076	4.59935
map2	map1	5	12		0	0	0
map2	map1	5	13		0	0	0
