mpp	mpp	0	1		9.99985	9.99985	19.9997
map1	map2	6	7		9.99985	0	9.99985
mpp	map2	2	3		9.99985	8.61559	18.6154
mpp	mpp	0	2		9.99985	9.99985	19.9997
mpp	map2	0	3		9.99985	6.82256	16.8224
map2	map2	6	8		9.99985	9.99985	19.9997
mpp	map2	2	4		9.99985	9.94767	19.9475
map1	map2	6	9		9.99985	0.400213	10.4001
mpp	map2	0	4		9.99985	9.6952	19.695
map2	map2	2	5		9.99985	9.99985	19.9997
map2	map2	0	5		9.99985	9.99985	19.9997
map1	map1	6	10		9.99985	9.99985	19.9997
map2	map2	2	6		9.58643	9.58563	19.1721
map1	map2	6	11		9.99222	0.911957	10.9042
map2	map2	0	6		9.99985	9.99985	19.9997
mpp	map2	2	7		9.99985	0	9.99985
mpp	map2	0	7		9.99985	0	9.99985
map2	map2	7	8		9.59646	9.56556	19.162
map2	map2	2	8		9.99985	9.99985	19.9997
map2	map2	0	8		9.72651	9.71487	19.4414
mpp	map2	2	9		9.99985	0	9.99985
mpp	map2	7	9		9.99985	1.10265	11.1025
mpp	map2	0	9		9.99985	1.43427	11.4341
mpp	map1	7	10		9.99985	0	9.99985
mpp	mpp	2	10		9.99985	9.99985	19.9997
mpp	mpp	0	10		9.99985	9.9874	19.9872
mpp	map1	7	11		9.99985	0.617465	10.6173
mpp	map2	2	11		9.99985	1.66643	11.6663
mpp	map2	0	11		9.99985	2.09907	12.0989
mpp	mpp	1	2		9.99985	9.99985	19.9997
map1	map1	8	9		9.99985	9.99985	19.9997
mpp	map2	3	4		9.99985	9.92318	19.923
mpp	map2	1	3		9.99985	8.74154	18.7414
map1	map1	8	10		9.99985	9.99985	19.9997
map2	map2	3	5		9.99985	9.99985	19.9997
mpp	map2	1	4		9.99985	8.53563	18.5355
map1	map1	8	11		9.99985	9.99985	19.9997
map2	map1	3	6		9.99985	7.54103	17.5409
map2	map2	1	5		9.99985	9.99985	19.9997
mpp	map1	9	10		9.99985	2.17833	12.1782
mpp	map2	3	7		9.99985	3.57705	13.5769
mpp	map1	9	11		9.99985	1.38292	11.3828
map2	map2	1	6		9.99985	9.99985	19.9997
mpp	map2	1	7		9.99985	0.649978	10.6498
mpp	map2	10	11		9.99985	0.748401	10.7482
map2	map2	3	8		9.99985	9.99985	19.9997
mpp	map2	3	9		9.99985	1.2167	11.2165
map2	map2	1	8		9.99985	9.99985	19.9997
mpp	map2	1	9		9.99985	0.966495	10.9663
mpp	map1	3	10		9.99985	9.68276	19.6826
mpp	mpp	1	10		9.99985	9.9874	19.9872
mpp	map2	3	11		9.99985	3.09099	13.0908
mpp	map2	1	11		9.99985	1.28254	11.2824
map2	map1	4	5		9.76544	9.80678	19.5722
map2	map1	4	6		9.99623	9.20633	19.2026
mpp	map1	4	7		9.99985	9.48769	19.4875
map2	map1	4	8		9.59526	9.86017	19.4554
mpp	map1	4	9	mpp	map1	4	10		9.99985	7.83942	17.8393
mpp	map1	4	11		9.99985	9.53144	19.5313
map1	map1	5	6		9.97055	9.61934	19.5899
map1	map2	5	7		9.90392	0.521402	10.4253
map1	map2	5	8		9.99985	8.96912	18.969
map1	map2	5	9		8.37067	0	8.37067
map1	map1	5	10		9.99985	9.99985	19.9997
map1	map2	5	11		9.06224	1.97909	11.0413
