AP location	AP	Sta1	Sta2	Sta3	Sta4	Sta5										Sta1		Sta2		Sta3	Sta4	Sta5	 Total
( 1.5, 1.5 )	RSSI:	-56.21	-60.2523	-53.4054	-60.7615	-63.1522	-63.1338	dBm,Throughput:	8.5451	13.8488	7.13986	7.4091	1.64944	38.5923	Mbps
( 1.5, 4.5 )	RSSI:	-54.684	-55.6347	-52.9511	-60.3932	-63.3188	-63.3408	dBm,Throughput:	10.261	15.4703	8.03807	5.04386	1.51724	40.3305	Mbps
( 1.5, 7.5 )	RSSI:	-50.2282	-47.1833	-56.1035	-60.3827	-63.9669	-63.5134	dBm,Throughput:	12.9832	17.2359	5.95531	3.11283	1.43724	40.7244	Mbps
( 4.5, 1.5 )	RSSI:	-46.9511	-60.0999	-44.2087	-59.3392	-61.6579	-62.9669	dBm,Throughput:	7.92441	16.6543	5.14041	7.62814	3.13364	40.481	Mbps
( 4.5, 4.5 )	RSSI:	-45.0862	-55.45	-41.7054	-58.2743	-62.2209	-62.5952	dBm,Throughput:	12.5423	13.3694	9.08501	4.72552	2.08662	41.8089	Mbps
( 4.5, 7.5 )	RSSI:	-49.6367	-47.1806	-52.4188	-57.9806	-62.8192	-62.336	dBm,Throughput:	10.7404	13.6386	9.49959	5.79808	1.76355	41.4402	Mbps
( 7.5, 1.5 )	RSSI:	-46.7782	-61.1726	-44.0707	-56.9648	-58.5957	-61.6598	dBm,Throughput:	3.93876	16.5782	8.06897	10.9903	2.63779	42.2141	Mbps
( 7.5, 4.5 )	RSSI:	-44.5093	-58.1317	-41.6883	-53.6535	-60.0446	-61.1877	dBm,Throughput:	8.864	14.9214	9.20166	7.328	2.01214	42.3272	Mbps
( 7.5, 7.5 )	RSSI:	-52.3776	-54.3487	-52.5419	-52.6421	-61.5923	-61.1207	dBm,Throughput:	11.0588	10.4618	10.9313	4.60359	5.04441	42.0999	Mbps
( 10.5, 1.5 )	RSSI:	-52.7408	-62.7932	-53.494	-54.2413	-53.1912	-59.5644	dBm,Throughput:	2.48717	9.04883	13.9597	13.4863	2.99917	41.9812	Mbps
( 10.5, 4.5 )	RSSI:	-48.4292	-60.9567	-52.8507	-45.5282	-56.6613	-58.6088	dBm,Throughput:	3.09131	14.5754	10.213	8.92966	6.03807	42.8474	Mbps
( 10.5, 7.5 )	RSSI:	-42.1371	-59.2581	-55.9145	-40.1792	-59.9357	-58.2386	dBm,Throughput:	5.27448	10.053	20.085	7.25572	0	42.6681	Mbps
( 13.5, 1.5 )	RSSI:	-45.9668	-64.3156	-58.7729	-54.379	-42.9669	-57.1151	dBm,Throughput:	2.7211	6.30952	7.98952	13.8008	10.8232	41.6441	Mbps
( 13.5, 4.5 )	RSSI:	-47.7798	-63.2014	-58.4769	-45.3947	-53.2657	-53.7678	dBm,Throughput:	5.32469	6.68138	15.3672	7.77545	7.41297	42.5617	Mbps
( 13.5, 7.5 )	RSSI:	-43.5337	-62.6438	-59.6649	-40.469	-58.3886	-52.8311	dBm,Throughput:	2.94676	3.36883	14.9098	13.109	8.18538	42.5197	Mbps
( 16.5, 1.5 )	RSSI:	-45.4196	-65.6014	-61.5194	-56.8356	-42.8354	-54.3813	dBm,Throughput:	0.892138	4.26097	8.44966	16.6543	11.792	42.0491	Mbps
( 16.5, 4.5 )	RSSI:	-47.4474	-64.9531	-61.5164	-53.4936	-53.1341	-45.4058	dBm,Throughput:	0.97931	3.95807	9.68166	12.5898	15.2706	42.4794	Mbps
( 16.5, 7.5 )	RSSI:	-43.3584	-64.7193	-62.0124	-52.6871	-58.3724	-40.3907	dBm,Throughput:	1.55034	3.13931	7.41517	13.701	15.7517	41.5575	Mbps
( 19.5, 1.5 )	RSSI:	-53.7459	-66.1126	-63.0542	-59.0858	-53.0147	-54.4346	dBm,Throughput:	0.792276	4.28634	6.01655	18.6858	11.2243	41.0052	Mbps
( 19.5, 4.5 )	RSSI:	-48.7098	-65.7267	-62.801	-57.9523	-56.5739	-45.5231	dBm,Throughput:	1.26621	3.9531	11.6028	11.3346	12.7686	40.9252	Mbps
( 19.5, 7.5 )	RSSI:	-43.7014	-65.8032	-62.9258	-57.7101	-59.6157	-40.478	dBm,Throughput:	1.97462	1.66626	10.3189	12.405	14.4734	40.8381	Mbps
