mpp	mpp	0	1		9.99955	9.99955	19.9991
mpp	mpp	0	2		9.99955	9.99955	19.9991
map2	mpp	0	3		9.93106	9.99955	19.9306
map2	mpp	0	4		9.93289	9.99955	19.9324
map2	map2	0	5		9.99955	9.99955	19.9991
map2	map2	0	6		9.99955	9.99955	19.9991
map2	mpp	0	7		5.56786	9.99955	15.5674
map2	map2	0	8		9.99955	9.99955	19.9991
map2	mpp	0	9		6.83651	9.99955	16.8361
mpp	mpp	0	10		9.99955	9.99955	19.9991
map2	mpp	0	11		9.51645	9.99955	19.516
mpp	mpp	1	2		9.99955	9.99955	19.9991
map2	mpp	1	3		9.23637	9.99955	19.2359
map2	mpp	1	4		9.99955	9.99955	19.9991
map2	map2	1	5		9.99955	9.99955	19.9991
map2	map2	1	6		9.99955	9.99955	19.9991
map2	mpp	1	7		7.14865	9.99955	17.1482
map2	map2	1	8		9.99955	9.99955	19.9991
map2	mpp	1	9		7.99254	9.99955	17.9921
mpp	mpp	1	10		9.99955	9.99955	19.9991
map2	mpp	1	11		9.59105	9.99955	19.5906
map2	mpp	2	3		9.93962	9.99955	19.9392
map2	mpp	2	4		9.99955	9.99955	19.9991
map2	map2	2	5		9.60328	9.58494	19.1882
map2	map2	2	6		9.99955	9.99955	19.9991
map2	mpp	2	7		6.32799	9.99955	16.3275
map2	map2	2	8		9.2963	9.74454	19.0408
map2	mpp	2	9		8.45974	9.99955	18.4593
mpp	mpp	2	10		9.99955	9.99955	19.9991
map2	mpp	2	11		9.18072	9.99955	19.1803
map2	mpp	3	4		9.99955	9.99955	19.9991
map2	map2	3	5		9.99955	9.99955	19.9991
map1	map2	3	6		9.76411	9.99282	19.7569
map2	mpp	3	7		8.2714	9.99955	18.2709
map2	map2	3	8		9.92188	9.9121	19.834
map2	mpp	3	9		9.79163	9.99955	19.7912
map1	mpp	3	10		9.12018	9.99955	19.1197
map2	mpp	3	11		9.06576	9.99955	19.0653
map1	map2	4	5		9.03885	9.57393	18.6128
map1	map2	4	6		9.09817	9.52317	18.6213
map1	mpp	4	7		9.99955	9.99955	19.9991
map1	map2	4	8		9.77206	9.97692	19.749
map1	mpp	4	9		9.99955	9.99955	19.9991
map1	mpp	4	10		9.99955	9.99955	19.9991
map1	mpp	4	11		9.99955	9.99955	19.9991
map1	map1	5	6		9.99955	9.99955	19.9991
map2	map1	5	7		5.57656	9.51094	15.0875
map2	map1	5	8		9.99955	9.92617	19.9257
map2	map1	5	9		6.93339	9.99955	16.9329
map1	map1	5	10		9.99955	9.99955	19.9991
map2	map1	5	11		6.65271	9.15565	15.8084
map2	map1	6	7		1.78872	9.99955	11.7883
map2	map2	6	8		9.99955	9.99955	19.9991
map2	map1	6	9		3.18295	8.24178	11.4247
map1	map1	6	10		9.99955	9.99955	19.9991
map2	map1	6	11		8.83567	9.99955	18.8352
map2	map2	7	8		9.99955	9.99955	19.9991
map2	mpp	7	9		6.79641	9.99955	16.796
map1	mpp	7	10		7.86902	9.99955	17.8686
map1	mpp	7	11		3.95244	9.99955	13.952
map1	map1	8	9		9.20702	9.18378	18.3908
map1	map1	8	10		9.99955	9.99955	19.9991
map1	map1	8	11		9.99955	9.99955	19.9991
map1	mpp	9	10		8.01395	9.99955	18.0135
map1	mpp	9	11		8.68968	9.99955	18.6892
map2	mpp	10	11		9.11529	9.99955	19.1148
