AP location	AP	Sta1	Sta2	Sta3	Sta4	Sta5										Sta1		Sta2		Sta3	Sta4	Sta5	 Total
( 1, 1 )	RSSI:	-40.3347	-nan	-39.9097	-nan	-79.9186	-78.1335	-78.6718	-80.2896	-79.9627	dBm,Throughput:	0	0	0	0	0	0	Mbps
( 2, 1 )	RSSI:	-46.3038	-nan	-45.8788	-nan	-80.0217	-77.9067	-78.4474	-80.078	-79.7729	dBm,Throughput:	0	0	0	0	0	0	Mbps
( 3, 1 )	RSSI:	-50.8192	-nan	-50.3943	-nan	-79.5299	-78.9281	-78.3759	-79.9034	-79.2545	dBm,Throughput:	0	0	0	0	0	0	Mbps
( 4, 1 )	RSSI:	-54.276	-nan	-53.851	-nan	-79.5143	-78.6449	-77.9387	-79.6178	-79.185	dBm,Throughput:	0	0	0	0	0	0	Mbps
( 5, 1 )	RSSI:	-53.633	-nan	-53.6044	-nan	-79.8629	-79.7976	-79.8745	-79.3124	-79.9705	dBm,Throughput:	10.3952	0	0	0	0	10.3952	Mbps
( 6, 1 )	RSSI:	-57.2881	-nan	-57.168	-nan	-79.804	-79.6603	-79.6801	-79.274	-79.3841	dBm,Throughput:	10.512	0	0	0	0	10.512	Mbps
( 7, 1 )	RSSI:	-61.3038	-nan	-60.8788	-nan	-79.2309	-79.6828	-78.0416	-79.176	-78.9675	dBm,Throughput:	0	0	0	0	0	0	Mbps
( 8, 1 )	RSSI:	-63.0129	-nan	-62.588	-nan	-79.0083	-79.6479	-77.7588	-79.1517	-78.8782	dBm,Throughput:	0	0	0	0	0	0	Mbps
( 9, 1 )	RSSI:	-64.5264	-nan	-64.1015	-nan	-78.9583	-79.1006	-77.7032	-78.9335	-79.0503	dBm,Throughput:	0	0	0	0	0	0	Mbps
( 10, 1 )	RSSI:	-65.884	-nan	-65.201	-nan	-78.8376	-78.9701	-77.9872	-79.1299	-78.8997	dBm,Throughput:	0	0	0	0	0	0	Mbps
( 11, 1 )	RSSI:	-64.561	-nan	-64.0163	-nan	-78.6195	-79.3388	-79.2796	-79.0129	-79.1874	dBm,Throughput:	0.25728	0.04288	10.512	0	0	10.8122	Mbps
( 12, 1 )	RSSI:	-64.3498	-nan	-63.8895	-nan	-78.556	-79.1685	-79.268	-78.8942	-79.0779	dBm,Throughput:	1.97248	0	10.8624	0	0	12.8349	Mbps
( 1, 2 )	RSSI:	-46.3038	-nan	-45.8788	-nan	-79.8788	-78.0702	-78.6693	-80.2224	-79.837	dBm,Throughput:	0	0	0	0	0	0	Mbps
( 2, 2 )	RSSI:	-49.3656	-nan	-48.9406	-nan	-79.7836	-79.0916	-78.2184	-80.0026	-79.3182	dBm,Throughput:	0	0	0	0	0	0	Mbps
( 3, 2 )	RSSI:	-52.5284	-nan	-52.1034	-nan	-79.631	-78.8083	-78.2266	-79.7407	-79.2318	dBm,Throughput:	0	0	0	0	0	0	Mbps
( 4, 2 )	RSSI:	-55.3347	-nan	-54.9097	-nan	-79.5947	-78.5197	-77.7831	-79.5336	-79.1508	dBm,Throughput:	0	0	0	0	0	0	Mbps
( 5, 2 )	RSSI:	-54.4695	-nan	-54.5013	-nan	-79.8073	-79.9052	-79.8542	-79.3754	-79.9347	dBm,Throughput:	10.3952	0	0	0	0	10.3952	Mbps
( 6, 2 )	RSSI:	-56.1296	-nan	-55.8964	-nan	-79.8868	-79.4201	-79.6488	-78.8821	-79.4366	dBm,Throughput:	10.512	0	0	0	0	10.512	Mbps
( 7, 2 )	RSSI:	-61.6834	-nan	-61.2584	-nan	-79.5868	-79.6312	-78.112	-78.9032	-79.1441	dBm,Throughput:	0	0	0	0	0	0	Mbps
( 8, 2 )	RSSI:	-63.3069	-nan	-62.8819	-nan	-78.9483	-78.8959	-77.5738	-78.8459	-79.0735	dBm,Throughput:	0	0	0	0	0	0	Mbps
( 9, 2 )	RSSI:	-64.7605	-nan	-64.3356	-nan	-78.9921	-78.9427	-77.6129	-78.8354	-78.8186	dBm,Throughput:	0	0	0	0	0	0	Mbps
( 10, 2 )	RSSI:	-66.0747	-nan	-65.3917	-nan	-78.9485	-79.3859	-77.7849	-79.0902	-78.5671	dBm,Throughput:	0	0	0	0	0	0	Mbps
( 11, 2 )	RSSI:	-63.0895	-nan	-62.6698	-nan	-78.5858	-79.1621	-79.172	-78.7098	-78.9113	dBm,Throughput:	0.12864	0.04288	10.8624	0	0	11.0339	Mbps
( 12, 2 )	RSSI:	-64.5144	-nan	-64.5089	-nan	-78.3308	-79.238	-79.0684	-78.8859	-78.7208	dBm,Throughput:	1.58656	0	10.9792	0	0	12.5658	Mbps
( 1, 3 )	RSSI:	-50.8192	-nan	-50.3943	-nan	-79.9147	-78.0075	-78.6326	-79.9135	-79.8274	dBm,Throughput:	0	0	0	0	0	0	Mbps
( 2, 3 )	RSSI:	-52.5284	-nan	-52.1034	-nan	-79.7455	-78.9819	-78.3578	-79.8496	-79.3046	dBm,Throughput:	0	0	0	0	0	0	Mbps
( 3, 3 )	RSSI:	-54.6483	-nan	-54.2234	-nan	-79.5911	-78.6936	-78.0814	-79.67	-79.0501	dBm,Throughput:	0	0	0	0	0	0	Mbps
( 4, 3 )	RSSI:	-56.7883	-nan	-56.3634	-nan	-79.5528	-78.3998	-77.8982	-79.3676	-78.9619	dBm,Throughput:	0	0	0	0	0	0	Mbps
( 5, 3 )	RSSI:	-57.1124	-nan	-57.2059	-nan	-79.9907	-79.4302	-79.6539	-79.1845	-79.8381	dBm,Throughput:	10.512	0	0	0	0	10.512	Mbps
( 6, 3 )	RSSI:	-57.4769	-nan	-57.2355	-nan	-80.0072	-79.6541	-79.4662	-79.4027	-79.8369	dBm,Throughput:	10.512	0	0	0	0	10.512	Mbps
( 7, 3 )	RSSI:	-62.2706	-nan	-61.8457	-nan	-79.1253	-79.6704	-77.6917	-79.0414	-79.1178	dBm,Throughput:	0	0	0	0	0	0	Mbps
( 8, 3 )	RSSI:	-63.7691	-nan	-63.3441	-nan	-78.8971	-78.7512	-77.5126	-78.6491	-78.8521	dBm,Throughput:	0	0	0	0	0	0	Mbps
( 9, 3 )	RSSI:	-65.1329	-nan	-64.7079	-nan	-79.0305	-78.7908	-77.5239	-78.6298	-78.7108	dBm,Throughput:	0	0	0	0	0	0	Mbps
( 10, 3 )	RSSI:	-66.3806	-nan	-65.6976	-nan	-78.8914	-79.2261	-77.69	-78.8753	-78.327	dBm,Throughput:	0	0	0	0	0	0	Mbps
( 11, 3 )	RSSI:	-63.9042	-nan	-63.5608	-nan	-78.5442	-79.2297	-79.2343	-78.8245	-78.9307	dBm,Throughput:	0.25728	0.04288	10.9792	0	0	11.2794	Mbps
( 1, 4 )	RSSI:	-54.276	-nan	-53.851	-nan	-79.8847	-77.9077	-78.5033	-79.8701	-79.6617	dBm,Throughput:	0	0	0	0	0	0	Mbps
( 2, 4 )	RSSI:	-55.3347	-nan	-54.9097	-nan	-79.7141	-78.8776	-78.2229	-79.7003	-79.1323	dBm,Throughput:	0	0	0	0	0	0	Mbps
( 3, 4 )	RSSI:	-56.7883	-nan	-56.3634	-nan	-79.5583	-78.5845	-78.0744	-79.5143	-79.0281	dBm,Throughput:	0	0	0	0	0	0	Mbps
( 4, 4 )	RSSI:	-58.3965	-nan	-57.9715	-nan	-79.5183	-78.2856	-77.7511	-79.2053	-78.7753	dBm,Throughput:	0	0	0	0	0	0	Mbps
( 5, 4 )	RSSI:	-57.1481	-nan	-57.297	-nan	-80.0781	-79.761	-79.1625	-79.4547	-80.0187	dBm,Throughput:	10.512	0	0	0	0	10.512	Mbps
( 6, 4 )	RSSI:	-58.7355	-nan	-58.606	-nan	-80.0868	-79.6469	-79.576	-79.2926	-79.588	dBm,Throughput:	10.512	0	0	0	0	10.512	Mbps
( 7, 4 )	RSSI:	-63.0129	-nan	-62.588	-nan	-79.1984	-78.9373	-77.5233	-78.7505	-78.907	dBm,Throughput:	0	0	0	0	0	0	Mbps
( 8, 4 )	RSSI:	-64.3656	-nan	-63.9406	-nan	-78.8549	-78.613	-77.4519	-78.4558	-78.7621	dBm,Throughput:	0	0	0	0	0	0	Mbps
( 9, 4 )	RSSI:	-65.6208	-nan	-64.9377	-nan	-78.986	-78.6454	-77.3389	-78.4275	-78.6029	dBm,Throughput:	0	0	0	0	0	0	Mbps
( 10, 4 )	RSSI:	-62.8783	-nan	-62.4457	-nan	-78.926	-79.2474	-79.2065	-78.6947	-78.8032	dBm,Throughput:	0.12864	0	10.8624	0	0	10.991	Mbps
( 11, 4 )	RSSI:	-63.491	-nan	-63.2518	-nan	-78.5409	-79.3248	-78.9042	-78.8167	-78.718	dBm,Throughput:	1.02912	0	10.9792	0	0	12.0083	Mbps
( 1, 5 )	RSSI:	-57.0438	-nan	-56.6189	-nan	-79.8401	-79.0705	-78.1996	-79.8768	-79.2229	dBm,Throughput:	0	0	0	0	0	0	Mbps
( 2, 5 )	RSSI:	-57.7552	-nan	-57.3303	-nan	-79.6896	-78.7789	-78.0927	-79.6436	-79.1203	dBm,Throughput:	0	0	0	0	0	0	Mbps
( 3, 5 )	RSSI:	-58.7914	-nan	-58.3665	-nan	-79.5326	-78.4813	-78.0646	-79.4533	-78.8518	dBm,Throughput:	0	0	0	0	0	0	Mbps
( 4, 5 )	RSSI:	-60.011	-nan	-59.586	-nan	-79.4914	-78.1775	-77.6088	-79.3045	-78.7497	dBm,Throughput:	0	0	0	0	0	0	Mbps
( 5, 5 )	RSSI:	-57.917	-nan	-57.9868	-nan	-79.8369	-79.7714	-79.0762	-79.3436	-79.7996	dBm,Throughput:	10.512	0	0	0	0	10.512	Mbps
( 6, 5 )	RSSI:	-59.7641	-nan	-59.6971	-nan	-79.7739	-79.5868	-79.3535	-79.2215	-79.7851	dBm,Throughput:	9.60512	0	0	0	0	9.60512	Mbps
( 7, 5 )	RSSI:	-63.8577	-nan	-63.4328	-nan	-79.1671	-78.8123	-77.4796	-78.5696	-78.8283	dBm,Throughput:	0	0	0	0	0	0	Mbps
( 8, 5 )	RSSI:	-65.0601	-nan	-64.6351	-nan	-78.8219	-78.4816	-77.2805	-78.2664	-78.6673	dBm,Throughput:	0	0	0	0	0	0	Mbps
( 9, 5 )	RSSI:	-66.1988	-nan	-65.5158	-nan	-78.9511	-79.1637	-77.2599	-78.5046	-78.1666	dBm,Throughput:	0	0	0	0	0	0	Mbps
( 10, 5 )	RSSI:	-63.0638	-nan	-62.9657	-nan	-78.5012	-79.3886	-78.9193	-78.8268	-78.7885	dBm,Throughput:	0.38592	0.12864	10.9792	0	0	11.4938	Mbps
( 11, 5 )	RSSI:	-66.0196	-nan	-65.7021	-nan	-78.8617	-79.0303	-79.0615	-78.4319	-78.68	dBm,Throughput:	0.38592	0.04288	10.8624	0	0	11.2912	Mbps
( 1, 6 )	RSSI:	-59.3422	-nan	-58.9173	-nan	-79.8233	-78.9819	-78.0798	-79.7418	-79.0636	dBm,Throughput:	0	0	0	0	0	0	Mbps
( 2, 6 )	RSSI:	-59.8501	-nan	-59.4252	-nan	-79.6721	-78.6862	-77.9674	-79.5028	-78.9543	dBm,Throughput:	0	0	0	0	0	0	Mbps
( 3, 6 )	RSSI:	-60.6174	-nan	-60.1925	-nan	-79.5142	-78.3842	-77.9336	-79.3943	-78.6787	dBm,Throughput:	0	0	0	0	0	0	Mbps
( 4, 6 )	RSSI:	-61.5593	-nan	-61.1343	-nan	-79.5157	-79.9779	-77.8195	-79.1478	-79.1743	dBm,Throughput:	0	0	0	0	0	0	Mbps
( 5, 6 )	RSSI:	-59.307	-nan	-59.4202	-nan	-79.8677	-79.9132	-79.117	-79.3309	-79.9377	dBm,Throughput:	10.512	0	0	0	0	10.512	Mbps
( 6, 6 )	RSSI:	-63.6792	-nan	-63.2543	-nan	-79.251	-79.0238	-77.5187	-78.7	-78.7828	dBm,Throughput:	0	0	0	0	0	0	Mbps
( 7, 6 )	RSSI:	-64.7605	-nan	-64.3356	-nan	-79.1446	-78.6944	-77.4374	-78.3933	-78.7455	dBm,Throughput:	0	0	0	0	0	0	Mbps
( 8, 6 )	RSSI:	-65.8192	-nan	-65.1362	-nan	-78.7982	-78.3575	-77.1147	-78.0815	-78.4524	dBm,Throughput:	0	0	0	0	0	0	Mbps
( 9, 6 )	RSSI:	-62.4963	-nan	-62.1724	-nan	-79.0696	-79.0158	-78.8946	-78.7304	-78.4587	dBm,Throughput:	0	0.51456	10.512	0	0	11.0266	Mbps
( 10, 6 )	RSSI:	-63.8667	-nan	-63.2812	-nan	-78.9093	-79.0902	-79.0461	-78.6171	-78.5239	dBm,Throughput:	0.12864	0.04288	10.9792	0	0	11.1507	Mbps
( 11, 6 )	RSSI:	-65.0479	-nan	-64.8275	-nan	-78.7727	-78.3891	-78.662	-78.2514	-78.6343	dBm,Throughput:	0.12864	0.04288	10.8624	0	0	11.0339	Mbps
( 1, 7 )	RSSI:	-61.3038	-nan	-60.8788	-nan	-79.8132	-78.8993	-77.9651	-79.7033	-79.0655	dBm,Throughput:	0	0	0	0	0	0	Mbps
( 2, 7 )	RSSI:	-61.6834	-nan	-61.2584	-nan	-79.6615	-78.5997	-78.1077	-79.4573	-78.792	dBm,Throughput:	0	0	0	0	0	0	Mbps
( 3, 7 )	RSSI:	-62.2706	-nan	-61.8457	-nan	-79.5031	-78.2936	-77.8082	-79.3362	-78.8136	dBm,Throughput:	0	0	0	0	0	0	Mbps
( 4, 7 )	RSSI:	-63.0129	-nan	-62.588	-nan	-79.4605	-79.7022	-77.3403	-79.1599	-78.8847	dBm,Throughput:	0	0	0	0	0	0	Mbps
( 5, 7 )	RSSI:	-61.4193	-nan	-61.6531	-nan	-79.9016	-79.6172	-79.2112	-79.0887	-79.5308	dBm,Throughput:	10.512	0	0	0	0	10.512	Mbps
( 6, 7 )	RSSI:	-64.7605	-nan	-64.3356	-nan	-79.2381	-78.9189	-77.4938	-78.5366	-78.842	dBm,Throughput:	0	0	0	0	0	0	Mbps
( 7, 7 )	RSSI:	-65.6876	-nan	-65.0046	-nan	-79.1311	-78.584	-77.2855	-78.2219	-78.5432	dBm,Throughput:	0	0	0	0	0	0	Mbps
( 8, 7 )	RSSI:	-66.6154	-nan	-65.9323	-nan	-78.7839	-79.1321	-77.0702	-78.2384	-78.1628	dBm,Throughput:	0	0	0	0	0	0	Mbps
( 9, 7 )	RSSI:	-63.3501	-nan	-62.9596	-nan	-78.8876	-79.1541	-78.8771	-78.577	-78.4641	dBm,Throughput:	0	0.90048	10.8624	0	0	11.7629	Mbps
( 10, 7 )	RSSI:	-64.3322	-nan	-64.1344	-nan	-78.5695	-79.2144	-78.9118	-78.4673	-78.4573	dBm,Throughput:	0.12864	0.04288	10.8624	0	0	11.0339	Mbps
( 1, 8 )	RSSI:	-63.0129	-nan	-62.588	-nan	-79.8099	-78.8229	-77.856	-79.578	-78.914	dBm,Throughput:	0	0	0	0	0	0	Mbps
( 2, 8 )	RSSI:	-63.3069	-nan	-62.8819	-nan	-79.658	-78.5197	-77.9935	-79.3263	-78.7922	dBm,Throughput:	0	0	0	0	0	0	Mbps
( 3, 8 )	RSSI:	-63.7691	-nan	-63.3441	-nan	-79.5815	-79.9559	-78.0214	-79.1976	-79.1104	dBm,Throughput:	0	0	0	0	0	0	Mbps
( 4, 8 )	RSSI:	-64.3656	-nan	-63.9406	-nan	-79.4566	-79.4429	-77.2149	-79.0257	-78.9871	dBm,Throughput:	0	0	0	0	0	0	Mbps
( 5, 8 )	RSSI:	-62.6216	-nan	-62.8554	-nan	-79.8975	-79.6351	-79.2298	-79.0254	-79.5052	dBm,Throughput:	10.512	0	0	0	0	10.512	Mbps
( 6, 8 )	RSSI:	-65.8192	-nan	-65.1362	-nan	-79.2339	-78.8216	-77.3555	-78.3787	-78.6526	dBm,Throughput:	0	0	0	0	0	0	Mbps
( 7, 8 )	RSSI:	-66.6154	-nan	-65.9323	-nan	-79.1266	-78.4816	-77.1401	-78.0561	-78.4684	dBm,Throughput:	0	0	0	0	0	0	Mbps
( 8, 8 )	RSSI:	-63.5022	-nan	-63.3198	-nan	-79.5803	-78.947	-78.8897	-78.698	-78.576	dBm,Throughput:	0	0	10.512	0	0	10.512	Mbps
( 9, 8 )	RSSI:	-64.5255	-nan	-64.1614	-nan	-78.8556	-79.1797	-78.7273	-78.4615	-78.4683	dBm,Throughput:	0	0.81472	10.8624	0	0	11.6771	Mbps
( 1, 9 )	RSSI:	-64.5264	-nan	-64.1015	-nan	-79.8132	-78.753	-77.9057	-79.5477	-78.7669	dBm,Throughput:	0	0	0	0	0	0	Mbps
( 2, 9 )	RSSI:	-64.7605	-nan	-64.3356	-nan	-79.6615	-78.4465	-77.8853	-79.2908	-78.7842	dBm,Throughput:	0	0	0	0	0	0	Mbps
( 3, 9 )	RSSI:	-65.1329	-nan	-64.7079	-nan	-79.5852	-79.8791	-77.908	-79.1535	-79.1256	dBm,Throughput:	0	0	0	0	0	0	Mbps
( 4, 9 )	RSSI:	-65.6208	-nan	-64.9377	-nan	-79.4605	-78.9054	-77.0959	-78.8094	-78.8188	dBm,Throughput:	0	0	0	0	0	0	Mbps
( 5, 9 )	RSSI:	-63.7853	-nan	-63.7735	-nan	-79.9824	-79.4912	-79.2267	-78.9824	-79.4529	dBm,Throughput:	10.512	0	0	0	0	10.512	Mbps
( 6, 9 )	RSSI:	-63.2272	-nan	-63.037	-nan	-79.6791	-79.0304	-79.6143	-79.4555	-78.9111	dBm,Throughput:	0	0	10.512	0	0	10.512	Mbps
( 7, 9 )	RSSI:	-64.7489	-nan	-64.3548	-nan	-79.2982	-79.2289	-79.3793	-78.8561	-79.1168	dBm,Throughput:	0	0	10.512	0	0	10.512	Mbps
( 8, 9 )	RSSI:	-64.9232	-nan	-64.4973	-nan	-79.1831	-79.4143	-78.9952	-78.8044	-78.6553	dBm,Throughput:	0	0.34304	10.8624	0	0	11.2054	Mbps
( 1, 10 )	RSSI:	-65.884	-nan	-65.201	-nan	-79.8233	-78.6899	-77.9517	-79.4335	-78.7832	dBm,Throughput:	0	0	0	0	0	0	Mbps
( 2, 10 )	RSSI:	-66.0747	-nan	-65.3917	-nan	-79.6721	-78.3803	-77.7836	-79.1712	-78.6353	dBm,Throughput:	0	0	0	0	0	0	Mbps
( 3, 10 )	RSSI:	-66.3806	-nan	-65.6976	-nan	-79.5142	-79.1568	-77.4684	-79.1165	-78.9529	dBm,Throughput:	0	0	0	0	0	0	Mbps
( 4, 10 )	RSSI:	-66.8907	-nan	-66.086	-nan	-79.4819	-78.8324	-76.97	-78.6778	-78.7551	dBm,Throughput:	0	0	0	0	0	0	Mbps
( 5, 10 )	RSSI:	-67.3775	-nan	-66.5728	-nan	-79.2922	-78.992	-76.8232	-78.3547	-78.6773	dBm,Throughput:	0	0	0	0	0	0	Mbps
( 6, 10 )	RSSI:	-64.3252	-nan	-64.1079	-nan	-79.315	-79.4204	-79.3825	-78.6089	-78.7577	dBm,Throughput:	0	0	11.096	0	0	11.096	Mbps
( 7, 10 )	RSSI:	-65.4424	-nan	-65.3293	-nan	-79.8488	-78.7452	-79.1801	-78.2487	-78.6032	dBm,Throughput:	0	0	10.8624	0	0	10.8624	Mbps
( 1, 11 )	RSSI:	-67.2192	-nan	-66.4145	-nan	-79.6741	-78.6336	-77.8457	-79.3254	-78.5415	dBm,Throughput:	0	0	0	0	0	0	Mbps
( 2, 11 )	RSSI:	-67.3775	-nan	-66.5728	-nan	-79.8056	-80.0675	-78.0084	-79.1457	-79.0099	dBm,Throughput:	0	0	0	0	0	0	Mbps
( 5, 11 )	RSSI:	-68.3891	-nan	-67.5844	-nan	-79.3125	-78.9235	-76.8475	-78.2233	-78.5115	dBm,Throughput:	0	0	0	0	0	0	Mbps
( 6, 11 )	RSSI:	-64.5343	-nan	-64.2703	-nan	-79.679	-79.2696	-79.1386	-78.5732	-78.9155	dBm,Throughput:	0	0	10.8624	0	0	10.8624	Mbps
