AP location	AP	Sta1	Sta2	Sta3	Sta4	Sta5										Sta1		Sta2		Sta3	Sta4	Sta5	 Total
( 1, 1 )	RSSI:	-56.7109	-60.5618	-54.7009	-60.9671	-63.3144	-63.6728	dBm,Throughput:	8.68359	20.7812	5.8954	1.82234	1.30372	38.4863	Mbps
( 1, 2 )	RSSI:	-56.1161	-59.4945	-54.012	-60.9119	-63.4857	-63.667	dBm,Throughput:	11.7021	17.4543	5.27542	3.22317	1.26179	38.9168	Mbps
( 1, 3 )	RSSI:	-55.748	-58.2905	-53.7636	-60.7191	-63.5759	-63.8595	dBm,Throughput:	12.1672	16.192	4.68634	3.55972	1.88083	38.4861	Mbps
( 1, 4 )	RSSI:	-55.6524	-56.7209	-53.8816	-60.6705	-63.4948	-63.6109	dBm,Throughput:	12.8142	13.5743	6.39393	2.82152	2.82979	38.4338	Mbps
( 1, 5 )	RSSI:	-54.8818	-54.745	-54.3627	-60.6361	-63.6212	-63.4877	dBm,Throughput:	14.8938	14.2113	6.89269	1.86868	1.29655	39.163	Mbps
( 1, 6 )	RSSI:	-53.9686	-52.4316	-55.3098	-60.6439	-63.8305	-63.4728	dBm,Throughput:	16.5677	10.9771	5.66786	3.63917	1.95476	38.8066	Mbps
( 1, 7 )	RSSI:	-52.9947	-49.9508	-56.2478	-60.4484	-63.5585	-63.1431	dBm,Throughput:	10.6312	12.0237	8.57434	3.81572	3.20331	38.2483	Mbps
( 1, 8 )	RSSI:	-49.7897	-46.7019	-57.3162	-60.5791	-63.8938	-63.4424	dBm,Throughput:	14.8436	12.2477	6.81434	3.16132	1.56634	38.6333	Mbps
( 1, 9 )	RSSI:	-46.8594	-43.7062	-58.2963	-60.7785	-63.9541	-63.2044	dBm,Throughput:	15.2425	10.2185	8.18097	2.37959	2.19531	38.2168	Mbps
( 2, 1 )	RSSI:	-54.534	-60.5303	-52.574	-60.5195	-62.7228	-63.3275	dBm,Throughput:	4.27752	21.3743	6.91862	4.55007	1.68828	38.8088	Mbps
( 2, 2 )	RSSI:	-53.8503	-59.5629	-51.5497	-60.2651	-62.8792	-63.3513	dBm,Throughput:	5.02014	17.8676	5.33407	6.65379	3.31476	38.1903	Mbps
( 2, 3 )	RSSI:	-53.0786	-57.9635	-50.9597	-60.3234	-63.1591	-63.5556	dBm,Throughput:	10.7161	18.1203	5.1211	3.55697	1.70152	39.216	Mbps
( 2, 4 )	RSSI:	-52.9561	-56.371	-51.0187	-60.1048	-63.1293	-63.3348	dBm,Throughput:	8.37186	18.8314	6.43531	3.73407	2.09151	39.4642	Mbps
( 2, 5 )	RSSI:	-52.7654	-54.2253	-51.8433	-59.9544	-63.2585	-63.429	dBm,Throughput:	8.10759	21.1752	6.6571	2.62841	1.20828	39.7766	Mbps
( 2, 6 )	RSSI:	-52.8641	-51.5583	-53.2994	-60.0422	-63.4418	-63.1262	dBm,Throughput:	12.587	13.5752	7.17462	4.39007	1.69214	39.419	Mbps
( 2, 7 )	RSSI:	-49.5594	-47.8827	-54.8023	-60.3456	-63.8756	-63.4472	dBm,Throughput:	21.3137	7.57021	7.66731	1.98786	1.04879	39.5878	Mbps
( 2, 8 )	RSSI:	-47.5082	-43.7796	-56.1458	-60.1192	-63.4726	-62.8618	dBm,Throughput:	11.3892	13.7126	10.448	1.67338	2.47062	39.6938	Mbps
( 2, 9 )	RSSI:	-39.307	-37.3746	-57.5004	-60.4834	-64.441	-64.013	dBm,Throughput:	22.6946	9.1211	2.90538	3.09517	1.46869	39.285	Mbps
( 3, 1 )	RSSI:	-52.7976	-60.4358	-50.2261	-60.2125	-62.5404	-63.4527	dBm,Throughput:	9.51338	17.2022	6.06782	4.33434	1.94483	39.0626	Mbps
( 3, 2 )	RSSI:	-50.8926	-59.3428	-48.3839	-59.8739	-62.4284	-63.0845	dBm,Throughput:	6.96	17.0417	7.23366	3.97959	3.66841	38.8833	Mbps
( 3, 3 )	RSSI:	-50.1751	-57.8076	-47.449	-59.8689	-62.8009	-63.3522	dBm,Throughput:	13.0897	15.9001	5.65352	3.02124	1.94041	39.605	Mbps
( 3, 4 )	RSSI:	-50.4727	-56.2201	-47.7128	-59.6354	-62.7063	-62.8972	dBm,Throughput:	9.75172	14.9368	8.79779	4.15779	2.01379	39.6579	Mbps
( 3, 5 )	RSSI:	-51.2306	-53.9459	-49.1812	-59.4225	-62.9421	-62.9476	dBm,Throughput:	10.3879	14.2996	8.72772	4.85738	1.33407	39.6066	Mbps
( 3, 6 )	RSSI:	-51.3562	-51.0868	-51.1123	-59.3736	-63.0852	-62.9705	dBm,Throughput:	12.395	14.5594	8.02869	2.3669	2.44534	39.7954	Mbps
( 3, 7 )	RSSI:	-49.7028	-47.4536	-53.2285	-59.4041	-63.3092	-62.8887	dBm,Throughput:	13.707	10.8877	8.44083	4.37553	2.37738	39.7885	Mbps
( 3, 8 )	RSSI:	-44.57	-42.0147	-55.0914	-59.6005	-63.5496	-62.9472	dBm,Throughput:	18.2676	8.8	7.8411	2.31448	2.48883	39.712	Mbps
( 3, 9 )	RSSI:	11.2988	13.6537	-56.5026	-59.7665	-64.1525	-63.6484	dBm,Throughput:	19.2077	14.0121	4.31559	1.52	0.86455	39.92	Mbps
( 4, 1 )	RSSI:	-50.8184	-60.6379	-47.5877	-59.8245	-61.9369	-63.0099	dBm,Throughput:	9.76662	12.9732	7.46142	6.14731	2.93793	39.2865	Mbps
( 4, 2 )	RSSI:	-47.1102	-59.3424	-44.3246	-59.4357	-62.0574	-62.9939	dBm,Throughput:	8.02593	16.4314	6.25434	8.05517	1.20717	39.9741	Mbps
( 4, 3 )	RSSI:	-45.5151	-57.9916	-42.2464	-59.1661	-62.1139	-62.6989	dBm,Throughput:	11.1288	14.5964	10.2499	1.73021	2.3029	40.0083	Mbps
( 4, 4 )	RSSI:	-45.2894	-56.3841	-42.7504	-58.6968	-62.3085	-62.9156	dBm,Throughput:	7.26952	18.3768	6.77076	4.74313	2.86583	40.0261	Mbps
( 4, 5 )	RSSI:	-46.8499	-54.1464	-45.2939	-58.6203	-62.6978	-63.2062	dBm,Throughput:	8.37572	22.811	5.17186	3.40524	0.942345	40.7062	Mbps
( 4, 6 )	RSSI:	-50.2767	-51.3711	-48.8876	-58.5662	-62.8394	-62.7729	dBm,Throughput:	16.9021	10.9777	9.29159	1.53159	1.77545	40.4783	Mbps
( 4, 7 )	RSSI:	-49.8057	-48.2148	-51.5392	-58.4422	-63.0022	-62.7366	dBm,Throughput:	12.0474	14.2163	9.20331	3.96083	1.11007	40.5379	Mbps
( 4, 8 )	RSSI:	-45.8517	-43.5023	-54.0233	-58.6442	-63.3871	-62.8554	dBm,Throughput:	18.5026	10.7807	8.39393	1.70593	1.13928	40.5224	Mbps
( 4, 9 )	RSSI:	-40.5557	-37.6165	-55.9228	-58.8305	-63.4507	-62.7881	dBm,Throughput:	15.9902	11.003	8.77959	2.94733	1.70759	40.4278	Mbps
( 5, 1 )	RSSI:	-48.0095	-60.7489	-45.0425	-59.1837	-61.2626	-62.7347	dBm,Throughput:	7.56579	15.2651	5.47421	8.24166	2.64772	39.1945	Mbps
( 5, 2 )	RSSI:	-41.9923	-59.5989	-39.4816	-58.7156	-61.3851	-62.7979	dBm,Throughput:	8.53683	17.6441	5.69986	5.1077	3.26841	40.2569	Mbps
( 5, 3 )	RSSI:	-35.651	-58.3458	-33.5143	-58.2283	-61.4749	-62.6588	dBm,Throughput:	5.31145	21.221	7.15641	4.992	1.63917	40.32	Mbps
( 5, 4 )	RSSI:	-38.3439	-56.7349	-35.6558	-57.8219	-61.7479	-62.5208	dBm,Throughput:	8.3211	16.8138	8.35421	4.64883	2.45352	40.5914	Mbps
( 5, 5 )	RSSI:	-45.2592	-54.7035	-41.9863	-57.5725	-62.3095	-62.7476	dBm,Throughput:	16.2687	13.1112	5.40359	4.27255	1.64469	40.7007	Mbps
( 5, 6 )	RSSI:	-49.2234	-52.499	-46.8617	-57.3374	-62.3707	-62.3184	dBm,Throughput:	12.9374	12.9048	8.54566	4.5909	1.85324	40.832	Mbps
( 5, 7 )	RSSI:	-50.2372	-49.7692	-50.5193	-57.3226	-62.6025	-62.423	dBm,Throughput:	13.6215	13.6088	9.33297	2.5589	1.81628	40.9385	Mbps
( 5, 8 )	RSSI:	-48.871	-46.567	-53.2635	-57.5019	-63.1327	-62.7641	dBm,Throughput:	14.5148	14.3526	6.90759	2.56883	2.44524	40.789	Mbps
( 5, 9 )	RSSI:	-45.2122	-43.3389	-55.4618	-57.9606	-63.542	-62.96	dBm,Throughput:	21.6094	9.60552	6.46014	1.23421	1.24634	40.1556	Mbps
( 6, 1 )	RSSI:	-47.0235	-61.1131	-43.9453	-58.5091	-60.3034	-62.402	dBm,Throughput:	7.18274	14.7823	5.74234	7.20926	5.07862	39.9953	Mbps
( 6, 2 )	RSSI:	-39.6633	-60.0344	-36.4792	-57.8377	-60.4626	-62.1663	dBm,Throughput:	5.64414	16.1606	8.82186	6.9429	2.9749	40.5443	Mbps
( 6, 3 )	RSSI:	11.6574	-58.7653	13.7738	-57.1099	-60.7148	-62.3518	dBm,Throughput:	5.50455	21.7766	7.30703	2.83641	3.47972	40.9043	Mbps
( 6, 4 )	RSSI:	11.3941	-57.3988	13.699	-56.5358	-61.1805	-62.4339	dBm,Throughput:	8.87724	20.0226	5.68552	3.50124	2.69241	40.779	Mbps
( 6, 5 )	RSSI:	-43.7235	-55.6554	-40.1643	-56.2227	-61.6853	-62.4041	dBm,Throughput:	17.5454	11.984	5.52717	2.96552	2.33818	40.3602	Mbps
( 6, 6 )	RSSI:	-48.1922	-53.8719	-46.028	-55.8168	-61.7868	-62.1752	dBm,Throughput:	11.8714	15.9239	7.22097	2.46234	3.47421	40.9528	Mbps
( 6, 7 )	RSSI:	-51.2344	-51.868	-50.1484	-55.6923	-62.0351	-61.701	dBm,Throughput:	9.48028	12.0883	12.3305	3.75062	3.09131	40.741	Mbps
( 6, 8 )	RSSI:	-51.1325	-49.8158	-53.0272	-55.9737	-62.4342	-61.8054	dBm,Throughput:	12.6058	10.9313	12.2152	1.44221	3.4229	40.6174	Mbps
( 6, 9 )	RSSI:	-50.2966	-48.1185	-55.3062	-56.4738	-62.7858	-61.8707	dBm,Throughput:	14.8337	8.67862	11.6679	2.14786	3.24966	40.5777	Mbps
( 7, 1 )	RSSI:	-48.4267	-61.3229	-45.0751	-57.8447	-59.2971	-61.8968	dBm,Throughput:	9.41683	13.1007	10.0767	5.02179	2.94621	40.5622	Mbps
( 7, 2 )	RSSI:	-42.4679	-60.448	-39.5772	-56.8941	-59.4624	-61.7793	dBm,Throughput:	5.76607	16.4844	8.87834	4.97821	4.09986	40.2069	Mbps
( 7, 3 )	RSSI:	-37.5098	-59.5935	-33.7365	-55.8728	-59.5897	-61.2904	dBm,Throughput:	5.69324	11.0301	13.4113	6.112	4.33986	40.5865	Mbps
( 7, 4 )	RSSI:	-38.7446	-58.2367	-35.6671	-55.0913	-60.1555	-61.5728	dBm,Throughput:	8.50207	14.2764	8.74814	8.31007	1.17959	41.0163	Mbps
( 7, 5 )	RSSI:	-45.4105	-57.0237	-42.092	-54.1217	-60.5176	-61.1957	dBm,Throughput:	6.93848	11.9343	11.8608	4.53683	5.63031	40.9007	Mbps
( 7, 6 )	RSSI:	-49.398	-55.3934	-46.9488	-53.733	-61.1857	-61.2984	dBm,Throughput:	11.8372	12.1846	10.6074	3.55697	2.91303	41.0993	Mbps
( 7, 7 )	RSSI:	-51.806	-53.9521	-50.5901	-53.7305	-61.5477	-61.2778	dBm,Throughput:	12.352	9.1829	12.3128	3.2011	4.12757	41.1764	Mbps
( 7, 8 )	RSSI:	-52.392	-52.4658	-53.2464	-54.1276	-62.1228	-61.5776	dBm,Throughput:	13.6828	10.2378	8.42867	4.30621	4.19586	40.8513	Mbps
( 7, 9 )	RSSI:	-52.3827	-51.3844	-55.4763	-54.8613	-62.5664	-61.8192	dBm,Throughput:	16.2737	9.59062	8.58097	2.41655	4.07117	40.933	Mbps
( 8, 1 )	RSSI:	-50.4692	-61.775	-47.5924	-56.9873	-57.8308	-61.2269	dBm,Throughput:	4.53793	12.7735	13.3909	7.70428	1.82124	40.2279	Mbps
( 8, 2 )	RSSI:	-47.1643	-61.039	-44.3911	-55.8132	-58.1945	-61.3347	dBm,Throughput:	5.98336	14.8232	8.11531	7.53876	4.32	40.7806	Mbps
( 8, 3 )	RSSI:	-45.5156	-60.1168	-42.3189	-54.4373	-58.6728	-60.9025	dBm,Throughput:	6.32441	12.9302	11.7523	5.65683	4.1109	40.7746	Mbps
( 8, 4 )	RSSI:	-45.3842	-59.1747	-42.8022	-53.1394	-59.2002	-61.0326	dBm,Throughput:	5.43559	16.9799	7.00028	8.79172	2.8331	41.0406	Mbps
( 8, 5 )	RSSI:	-47.9265	-58.0627	-45.6801	-51.8117	-59.8388	-60.6507	dBm,Throughput:	7.36552	13.4698	12.5909	3.58069	4.08441	41.0913	Mbps
( 8, 6 )	RSSI:	-49.9381	-56.8773	-48.788	-51.2783	-60.5215	-60.857	dBm,Throughput:	9.46428	15.1961	8.37572	5.06502	2.79448	40.8956	Mbps
( 8, 7 )	RSSI:	-51.397	-55.8124	-51.5793	-51.119	-61.0837	-60.853	dBm,Throughput:	10.5302	13.7302	9.19724	3.54207	4.13683	41.1366	Mbps
( 8, 8 )	RSSI:	-52.7036	-54.8813	-54.1041	-51.7231	-61.5419	-60.7782	dBm,Throughput:	9.59503	10.4508	9.97959	5.51724	5.60276	41.1454	Mbps
( 8, 9 )	RSSI:	-53.264	-54.1878	-56.0704	-52.7659	-61.9217	-60.7198	dBm,Throughput:	11.7021	6.42979	14.037	4.77462	4.25986	41.2033	Mbps
( 9, 1 )	RSSI:	-51.1714	-61.8129	-50.0004	-56.3162	-56.2463	-61.2439	dBm,Throughput:	3.71807	19.9603	8.16552	8.50207	0.629879	40.9758	Mbps
( 9, 2 )	RSSI:	-49.9843	-61.3472	-48.3499	-54.6356	-56.7213	-60.8233	dBm,Throughput:	4.28855	18.5826	9.78097	4.01159	4.26648	40.9302	Mbps
( 9, 3 )	RSSI:	-49.6898	-60.7718	-47.4695	-52.8547	-57.4185	-60.397	dBm,Throughput:	7.94555	12.2588	12.2974	5.91503	2.62786	41.0446	Mbps
( 9, 4 )	RSSI:	-49.4848	-59.9627	-47.7175	-51.0062	-58.111	-60.2397	dBm,Throughput:	7.70207	12.6052	7.97021	8.56772	4.29848	41.1437	Mbps
( 9, 5 )	RSSI:	-49.9566	-59.1626	-49.1611	-49.0166	-58.9221	-59.9957	dBm,Throughput:	9.12282	9.83228	8.93241	8.84248	4.35421	41.0842	Mbps
( 9, 6 )	RSSI:	-49.7952	-58.2943	-51.0324	-47.7346	-59.6613	-60.0369	dBm,Throughput:	5.06648	16.5677	8.20579	5.63034	5.46979	40.9401	Mbps
( 9, 7 )	RSSI:	-50.3753	-57.5795	-53.272	-47.5515	-60.3602	-59.8299	dBm,Throughput:	8.43366	8.28083	10.1153	7.10621	6.93628	40.8723	Mbps
( 9, 8 )	RSSI:	-50.8089	-56.8585	-54.9732	-48.6045	-61.0798	-59.8201	dBm,Throughput:	6.43034	13.0146	12.6902	6.54676	2.112	40.7939	Mbps
( 9, 9 )	RSSI:	-52.1727	-56.2874	-56.5711	-50.3394	-61.6811	-60.0374	dBm,Throughput:	11.5823	9.4571	13.5377	2.45186	4.06897	41.0979	Mbps
( 10, 1 )	RSSI:	-53.1174	-62.7457	-52.8202	-55.4949	-54.023	-60.3635	dBm,Throughput:	3.52828	12.4397	8.3265	12.4259	4.11034	40.8308	Mbps
( 10, 2 )	RSSI:	-52.4007	-62.1487	-51.6422	-53.6361	-54.7776	-59.8467	dBm,Throughput:	5.02345	10.5407	11.9975	8.81821	4.464	40.8438	Mbps
( 10, 3 )	RSSI:	-51.5325	-61.6346	-51.142	-51.4057	-55.6096	-59.6592	dBm,Throughput:	4.74282	11.4317	7.45278	11.2894	6.46124	41.3779	Mbps
( 10, 4 )	RSSI:	-49.7254	-60.9048	-51.2597	-48.4812	-56.7682	-59.1123	dBm,Throughput:	5.184	10.6731	13.3473	9.03117	3.18124	41.4168	Mbps
( 10, 5 )	RSSI:	-48.5601	-60.1744	-52.1151	-45.4853	-57.8501	-59.0741	dBm,Throughput:	7.61048	10.8943	8.88331	7.97186	5.67007	41.03	Mbps
( 10, 6 )	RSSI:	-45.9277	-59.4699	-53.2595	-42.8022	-58.9582	-58.8982	dBm,Throughput:	6.54676	12.3945	12.1942	6.98152	3.26179	41.3788	Mbps
( 10, 7 )	RSSI:	-45.0743	-58.9465	-54.7278	-42.2919	-59.704	-58.6483	dBm,Throughput:	5.12662	10.304	16.2185	5.55255	4.23559	41.4372	Mbps
( 10, 8 )	RSSI:	-47.4442	-58.4885	-56.1969	-44.6674	-60.4895	-58.8219	dBm,Throughput:	6.50593	9.31255	14.7868	3.56634	7.09407	41.2657	Mbps
( 10, 9 )	RSSI:	-50.9261	-58.1087	-57.5375	-47.954	-61.2611	-59.139	dBm,Throughput:	10.5981	5.72193	12.0392	4.58207	7.904	40.8452	Mbps
( 11, 1 )	RSSI:	-52.1547	-63.416	-54.9723	-55.0866	-51.2559	-59.6198	dBm,Throughput:	3.43007	7.34094	8.98979	17.9371	3.11117	40.8091	Mbps
( 11, 2 )	RSSI:	-52.4128	-62.7007	-54.2227	-52.8285	-52.575	-59.0271	dBm,Throughput:	2.49324	10.0618	13.28	8.31503	7.24303	41.3931	Mbps
( 11, 3 )	RSSI:	-51.8122	-62.1504	-53.8455	-50.1785	-54.0227	-58.6891	dBm,Throughput:	7.4251	10.2041	9.39145	5.04166	8.89876	40.9611	Mbps
( 11, 4 )	RSSI:	-49.456	-61.7	-53.875	-46.547	-55.2587	-58.0956	dBm,Throughput:	2.20745	11.8577	10.1357	10.5881	6.62234	41.4113	Mbps
( 11, 5 )	RSSI:	-45.4765	-61.0819	-54.3855	-41.5519	-56.741	-57.7368	dBm,Throughput:	2.672	13.4008	9.37048	7.99724	7.72966	41.1702	Mbps
( 11, 6 )	RSSI:	-38.5399	-60.6751	-55.3174	-35.1868	-57.9453	-57.4478	dBm,Throughput:	4.49324	7.75433	13.4433	6.98979	8.63007	41.3107	Mbps
( 11, 7 )	RSSI:	-38.3119	-60.0648	-56.2454	-34.2507	-59.1591	-57.6192	dBm,Throughput:	5.2309	12.3343	10.9628	7.088	5.90179	41.5178	Mbps
( 11, 8 )	RSSI:	-43.2618	-59.7268	-57.3131	-40.272	-60.1094	-57.7033	dBm,Throughput:	7.18952	9.47034	14.5164	3.22648	6.78952	41.1923	Mbps
( 11, 9 )	RSSI:	-48.7889	-59.5813	-58.4416	-45.4975	-60.8575	-58.033	dBm,Throughput:	8.38179	6.95007	12.3112	3.07586	10.2737	40.9926	Mbps
( 12, 1 )	RSSI:	-49.2739	-64.0451	-56.8311	-55.0132	-47.8039	-58.9131	dBm,Throughput:	2.22566	6.5197	5.50069	21.3606	5.12717	40.7338	Mbps
( 12, 2 )	RSSI:	-51.5421	-63.0668	-56.1175	-52.636	-49.8498	-58.2542	dBm,Throughput:	2.62621	12.5236	11.6149	8.58924	6.07283	41.4268	Mbps
( 12, 3 )	RSSI:	-50.9864	-62.6534	-55.9014	-49.6771	-51.8939	-57.5432	dBm,Throughput:	3.1531	12.2714	11.1194	8.92303	5.81076	41.2778	Mbps
( 12, 4 )	RSSI:	-48.7808	-62.4517	-56.0217	-45.6074	-53.8465	-56.7254	dBm,Throughput:	2.91862	9.18897	9.84883	8.38786	11.1095	41.4538	Mbps
( 12, 5 )	RSSI:	-42.8097	-61.9552	-56.3715	-39.3443	-55.7081	-56.2187	dBm,Throughput:	5.53766	8.85572	12.4166	5.84828	8.37572	41.0339	Mbps
( 12, 6 )	RSSI:	9.72625	-61.7244	-57.0576	13.4778	-57.1756	-55.795	dBm,Throughput:	2.82924	6.53131	13.1829	7.93655	11.1095	41.5895	Mbps
( 12, 7 )	RSSI:	9.29593	-61.0881	-57.6452	13.4444	-58.634	-55.9972	dBm,Throughput:	3.16303	12.4467	11.0428	4.14014	9.96579	40.7584	Mbps
( 12, 8 )	RSSI:	-41.64	-60.9483	-58.4797	-37.6402	-59.6675	-56.1616	dBm,Throughput:	3.94262	10.9743	10.2334	7.70262	8.10869	40.9617	Mbps
( 12, 9 )	RSSI:	-48.2342	-60.7972	-59.2308	-44.6885	-60.586	-56.7278	dBm,Throughput:	8.18814	7.33572	11.424	7.99834	5.7749	40.7211	Mbps
( 13, 1 )	RSSI:	-46.6375	-63.98	-58.129	-54.9793	-43.6876	-58.1193	dBm,Throughput:	2.70621	8.08276	11.7854	14.0609	4.35972	40.9949	Mbps
( 13, 2 )	RSSI:	-49.0875	-63.7821	-57.8565	-52.9028	-46.7311	-57.1016	dBm,Throughput:	2.93793	7.98014	12.1992	11.7909	6.48883	41.397	Mbps
( 13, 3 )	RSSI:	-49.4042	-63.5804	-57.6299	-49.8976	-49.7278	-55.9876	dBm,Throughput:	1.25241	2.62786	19.2557	12.7178	5.16469	41.0185	Mbps
( 13, 4 )	RSSI:	-48.6987	-63.1655	-57.7154	-46.4817	-52.4201	-55.1183	dBm,Throughput:	3.41186	5.88524	12.816	11.3777	8.02538	41.5161	Mbps
( 13, 5 )	RSSI:	-45.1825	-63.0145	-58.1191	-41.4599	-54.8085	-54.0412	dBm,Throughput:	3.51338	4.31503	9.43393	4.42097	19.0913	40.7746	Mbps
( 13, 6 )	RSSI:	-39.9085	-62.357	-58.3843	-35.2727	-56.6369	-53.7792	dBm,Throughput:	2.18759	11.1498	8.32772	6.05517	13.563	41.2833	Mbps
( 13, 7 )	RSSI:	-37.3622	-62.2829	-58.931	-34.1028	-57.9975	-53.6342	dBm,Throughput:	2.16772	6.59838	13.8472	4.27586	14.1186	41.0078	Mbps
( 13, 8 )	RSSI:	-44.8677	-62.0466	-59.5457	-40.3542	-59.3344	-54.104	dBm,Throughput:	7.99283	6.11531	7.57186	5.69048	13.4002	40.7707	Mbps
( 13, 9 )	RSSI:	-48.6152	-61.7684	-59.881	-45.5883	-60.2846	-55.0263	dBm,Throughput:	5.71421	8.41545	12.6323	6.95132	6.98483	40.6981	Mbps
( 14, 1 )	RSSI:	-40.8333	-64.699	-59.4568	-55.4582	-37.6007	-57.1652	dBm,Throughput:	1.16303	4.50979	10.0861	14.8364	10.5026	41.0979	Mbps
( 14, 2 )	RSSI:	-46.9499	-64.301	-59.0663	-53.4402	-43.6554	-55.8996	dBm,Throughput:	1.93434	4.51641	15.4665	10.7481	8.04966	40.715	Mbps
( 14, 3 )	RSSI:	-49.4801	-63.9901	-59.0406	-51.3766	-48.0411	-54.6171	dBm,Throughput:	3.62272	5.97451	10.1705	13.605	7.67228	41.045	Mbps
( 14, 4 )	RSSI:	-49.7046	-63.6038	-59.0403	-48.5388	-51.4848	-53.2045	dBm,Throughput:	1.89793	7.7109	13.008	9.76331	8.98979	41.3699	Mbps
( 14, 5 )	RSSI:	-47.9892	-63.2221	-59.204	-45.4222	-54.0356	-51.9466	dBm,Throughput:	2.00331	9.03283	10.8281	11.3821	8.15062	41.397	Mbps
( 14, 6 )	RSSI:	-44.9541	-63.2176	-59.5418	-42.6052	-56.1409	-51.0254	dBm,Throughput:	1.72303	4.00772	15.883	5.27503	14.1357	41.0246	Mbps
( 14, 7 )	RSSI:	-44.5293	-62.8813	-59.717	-42.2327	-57.7552	-51.0914	dBm,Throughput:	1.96138	6.2709	17.5228	5.59779	9.86262	41.2154	Mbps
( 14, 8 )	RSSI:	-46.726	-62.8709	-60.1127	-44.6068	-58.9472	-51.8193	dBm,Throughput:	4.50944	3.95255	16.9385	5.424	9.17848	40.003	Mbps
( 14, 9 )	RSSI:	-49.8814	-62.603	-60.5182	-47.771	-60.1333	-52.949	dBm,Throughput:	4.46673	6.57655	16.1677	6.37683	6.70086	40.2887	Mbps
( 15, 1 )	RSSI:	10.6172	-64.8142	-60.3939	-56.1668	13.5689	-56.4265	dBm,Throughput:	1.15366	6.80055	9.45655	16.2472	7.36938	41.0273	Mbps
( 15, 2 )	RSSI:	-45.0376	-64.827	-60.1608	-54.6435	-42.155	-54.8011	dBm,Throughput:	3.39421	3.67172	9.79752	14.976	9.11283	40.9523	Mbps
( 15, 3 )	RSSI:	-48.9428	-64.4086	-60.1811	-52.897	-47.3487	-52.977	dBm,Throughput:	2.16717	6.69517	8.06731	14.8772	8.75697	40.5639	Mbps
( 15, 4 )	RSSI:	-49.8837	-64.2922	-60.167	-50.7451	-51.0377	-50.9202	dBm,Throughput:	1.968	4.73545	11.9575	10.8419	11.7683	41.2712	Mbps
( 15, 5 )	RSSI:	-49.3368	-63.9618	-60.2358	-48.976	-53.7684	-49.0711	dBm,Throughput:	3.24424	5.5051	10.8353	11.9758	9.58014	41.1406	Mbps
( 15, 6 )	RSSI:	-47.9382	-63.7869	-60.4761	-47.5791	-55.9572	-47.526	dBm,Throughput:	3.01903	5.50266	10.2284	7.71972	14.6168	41.0867	Mbps
( 15, 7 )	RSSI:	-47.7482	-63.7428	-60.7209	-47.4947	-57.6286	-47.3724	dBm,Throughput:	3.80743	3.69862	11.3826	6.73986	15.0538	40.6823	Mbps
( 15, 8 )	RSSI:	-48.9553	-63.4282	-61.0423	-48.5693	-58.9237	-48.557	dBm,Throughput:	2.22902	6.84524	10.9556	5.61434	14.747	40.3912	Mbps
( 15, 9 )	RSSI:	-51.4147	-63.2663	-61.3814	-50.5216	-60.0217	-50.5698	dBm,Throughput:	3.62041	8.66759	9.30483	7.00193	12.1302	40.725	Mbps
( 16, 1 )	RSSI:	-39.5583	-65.3482	-61.2499	-56.9327	-37.3895	-55.7566	dBm,Throughput:	0.831428	4.35972	6.67531	22.0011	6.81545	40.683	Mbps
( 16, 2 )	RSSI:	-47.2138	-65.6648	-61.4484	-55.705	-43.7487	-53.4415	dBm,Throughput:	1.11724	2.76966	3.89407	9.43779	23.1228	40.3415	Mbps
( 16, 3 )	RSSI:	-49.6032	-64.8145	-60.8891	-54.3622	-48.0634	-51.4335	dBm,Throughput:	1.93434	4.74538	12.7261	13.0246	8.21903	40.6494	Mbps
( 16, 4 )	RSSI:	-49.7187	-64.8526	-60.9529	-53.0559	-51.3499	-48.6211	dBm,Throughput:	2.04193	3.83996	9.46097	15.5873	9.43448	40.3646	Mbps
( 16, 5 )	RSSI:	-47.196	-64.606	-61.225	-51.9269	-54.0894	-45.2263	dBm,Throughput:	1.75945	5.50069	7.88745	9.39255	16.3117	40.8519	Mbps
( 16, 6 )	RSSI:	-44.8523	-64.6991	-61.3703	-51.149	-56.0463	-42.5805	dBm,Throughput:	1.35503	3.28166	8.60193	11.3004	16.5065	41.0455	Mbps
( 16, 7 )	RSSI:	-44.6225	-64.4004	-61.2841	-50.8881	-57.767	-42.2805	dBm,Throughput:	2.98262	2.13793	14.784	4.39779	16.2941	40.5964	Mbps
( 16, 8 )	RSSI:	-47.1745	-64.1951	-61.6047	-51.5661	-58.9273	-44.6818	dBm,Throughput:	2.10648	4.10097	12.261	9.07421	13.4554	40.9981	Mbps
( 16, 9 )	RSSI:	-49.4329	-64.1107	-61.9791	-52.7943	-59.9563	-47.7117	dBm,Throughput:	3.17564	4.78841	9.81903	3.93986	18.6516	40.3745	Mbps
( 17, 1 )	RSSI:	-46.789	-65.2615	-61.7549	-57.695	-43.6428	-55.2632	dBm,Throughput:	1.47862	6.80828	9.90786	13.4384	8.79338	40.4266	Mbps
( 17, 2 )	RSSI:	-49.3072	-65.0942	-61.5705	-56.692	-46.7127	-53.0206	dBm,Throughput:	0.809379	5.45048	13.4836	12.1617	8.75255	40.6577	Mbps
( 17, 3 )	RSSI:	-49.784	-65.3688	-61.7968	-55.8863	-49.5721	-50.2185	dBm,Throughput:	1.344	4.23614	5.84543	18.3691	10.9781	40.7729	Mbps
( 17, 4 )	RSSI:	-48.7605	-64.9913	-61.7482	-54.9319	-52.4211	-46.488	dBm,Throughput:	1.26345	5.59503	7.92	13.0394	12.421	40.2389	Mbps
( 17, 5 )	RSSI:	-45.1379	-64.8316	-61.6403	-54.0844	-54.65	-41.5572	dBm,Throughput:	2.01048	4.12966	12.9289	11.003	10.688	40.76	Mbps
( 17, 6 )	RSSI:	-39.0366	-64.7053	-61.9067	-53.6992	-56.5028	-35.2438	dBm,Throughput:	1.43338	5.02014	10.2433	11.7848	12.1743	40.656	Mbps
( 17, 7 )	RSSI:	-36.8883	-64.7776	-61.8952	-53.5073	-58.0633	-33.9967	dBm,Throughput:	2.32497	3.22869	11.9362	6.43255	16.4259	40.3483	Mbps
( 17, 8 )	RSSI:	-42.9376	-64.5579	-62.2092	-54.0109	-59.1886	-40.1617	dBm,Throughput:	1.74952	5.15752	9.70483	7.50179	16.2036	40.3172	Mbps
( 17, 9 )	RSSI:	-47.0916	-64.6808	-62.5505	-54.7066	-60.0383	-45.257	dBm,Throughput:	1.37269	3.34069	8.67034	4.50428	21.8058	39.6938	Mbps
( 18, 1 )	RSSI:	-50.3223	-65.8624	-62.3307	-58.4133	-48.0183	-55.0859	dBm,Throughput:	2.4971	4.93572	5.28883	16.0712	10.7261	39.5189	Mbps
( 18, 2 )	RSSI:	-51.1123	-65.6237	-62.3692	-57.7632	-49.6928	-52.7146	dBm,Throughput:	1.03779	4.18869	7.92441	14.5341	12.7575	40.4425	Mbps
( 18, 3 )	RSSI:	-51.068	-65.5613	-62.0766	-57.026	-51.8594	-49.7317	dBm,Throughput:	1.648	4.09324	10.5606	10.7768	13.0003	40.0789	Mbps
( 18, 4 )	RSSI:	-48.2164	-65.7775	-62.4542	-56.4729	-53.6328	-45.6119	dBm,Throughput:	1.49769	2.77064	5.53269	17.4334	13.2066	40.441	Mbps
( 18, 5 )	RSSI:	-42.4775	-65.2021	-62.1015	-55.8146	-55.6349	-39.2727	dBm,Throughput:	1.68	3.31917	13.5084	7.1531	14.4623	40.123	Mbps
( 18, 6 )	RSSI:	10.5582	-65.2006	-62.2881	-55.566	-57.1317	13.5716	dBm,Throughput:	1.50234	3.136	10.7366	8.98317	16.2737	40.6317	Mbps
( 18, 7 )	RSSI:	10.6566	-65.2215	-62.4274	-55.5264	-58.404	13.5417	dBm,Throughput:	1.93048	2.848	10.4684	8.832	16.2714	40.3503	Mbps
( 18, 8 )	RSSI:	-40.6818	-65.3701	-62.3732	-55.6776	-59.3924	-37.5243	dBm,Throughput:	1.00359	0.823172	14.528	10.1258	14.272	40.7526	Mbps
( 18, 9 )	RSSI:	-47.4527	-64.8062	-62.4921	-56.2093	-60.3439	-44.5548	dBm,Throughput:	2.96772	3.7611	12.4017	5.48193	14.9512	39.5636	Mbps
( 19, 1 )	RSSI:	-53.2858	-65.9601	-62.7435	-59.1241	-51.3637	-55.25	dBm,Throughput:	1.10234	4.47448	7.42179	15.9112	10.8182	39.728	Mbps
( 19, 2 )	RSSI:	-52.7191	-66.2957	-62.8238	-58.488	-52.3678	-52.8486	dBm,Throughput:	1.49991	2.01876	6.51318	15.445	14.6825	40.1593	Mbps
( 19, 3 )	RSSI:	-51.7186	-65.8583	-62.5235	-57.9654	-53.8367	-50.0707	dBm,Throughput:	1.20607	2.18097	11.2778	10.4199	14.9909	40.0756	Mbps
( 19, 4 )	RSSI:	-48.8345	-65.938	-62.7645	-57.5243	-55.1297	-46.2997	dBm,Throughput:	1.24745	2.39945	8.272	13.8439	14.2566	40.0193	Mbps
( 19, 5 )	RSSI:	-44.6617	-65.6678	-62.6815	-57.2723	-56.5781	-41.4705	dBm,Throughput:	1.10234	3.26234	9.57924	13.1443	13.2463	40.3345	Mbps
( 19, 6 )	RSSI:	-38.8091	-65.2772	-62.4294	-57.0197	-57.9359	-35.1868	dBm,Throughput:	1.89186	3.96138	13.7153	6.84469	12.9799	39.3931	Mbps
( 19, 7 )	RSSI:	-36.9332	-65.6072	-63.0247	-57.0622	-58.8938	-34.0572	dBm,Throughput:	1.61655	3.86317	5.76772	11.346	16.9953	39.5887	Mbps
( 19, 8 )	RSSI:	-42.9302	-65.5541	-62.7968	-57.133	-59.7591	-40.1184	dBm,Throughput:	1.01462	1.76221	11.4074	8.73103	17.2193	40.1346	Mbps
( 19, 9 )	RSSI:	-48.7039	-65.3556	-62.947	-57.5543	-60.6952	-45.4527	dBm,Throughput:	2.56607	4.21572	8.45683	10.117	13.8406	39.1961	Mbps
( 20, 1 )	RSSI:	-55.6932	-65.9186	-62.9091	-59.5908	-54.0941	-55.6847	dBm,Throughput:	1.31752	4.92414	8.89876	10.8138	11.693	37.6472	Mbps
( 20, 2 )	RSSI:	-54.4397	-66.2628	-63.2599	-59.2157	-54.577	-53.7931	dBm,Throughput:	1.42676	2.93131	5.62924	16.0806	13.5669	39.6348	Mbps
( 20, 3 )	RSSI:	-53.1164	-65.7177	-63.1497	-58.7086	-55.6849	-51.3495	dBm,Throughput:	0.867862	6.26317	6.47614	8.04634	17.8665	39.52	Mbps
( 20, 4 )	RSSI:	-51.3278	-65.8402	-62.6821	-58.4975	-56.6063	-48.4781	dBm,Throughput:	0.726621	2.25986	13.8505	9.75779	13.0505	39.6452	Mbps
( 20, 5 )	RSSI:	-46.6305	-66.2862	-63.5258	-58.1579	-57.7281	-44.9428	dBm,Throughput:	1.75779	2.4204	3.52662	6.31062	25.1939	39.2094	Mbps
( 20, 6 )	RSSI:	-44.6302	-65.8369	-63.2244	-58.102	-58.7707	-42.492	dBm,Throughput:	2.11641	2.32386	7.23586	5.36055	22.026	39.0627	Mbps
( 20, 7 )	RSSI:	-45.4624	-65.6434	-63.0032	-58.1555	-59.5348	-42.4376	dBm,Throughput:	2.528	3.1668	10.9319	6.16717	16.0408	38.8347	Mbps
( 20, 8 )	RSSI:	-47.5146	-65.4906	-63.0989	-58.1989	-60.2558	-44.6864	dBm,Throughput:	1.33738	3.95145	10.4817	6.98979	16.0634	38.8237	Mbps
( 20, 9 )	RSSI:	-50.3278	-65.4755	-63.1973	-58.3849	-60.9328	-47.8079	dBm,Throughput:	1.69545	3.88634	10.2979	5.14703	18.2212	39.248	Mbps
( 21, 1 )	RSSI:	-56.6692	-66.3612	-63.605	-60.0493	-55.9046	-56.4496	dBm,Throughput:	0.811924	3.59393	4.23172	19.2066	10.1126	37.9568	Mbps
( 21, 2 )	RSSI:	-56.4793	-66.1869	-62.9992	-59.7467	-56.579	-54.7011	dBm,Throughput:	1.11062	2.41821	11.5196	10.619	13.3131	38.9806	Mbps
( 21, 3 )	RSSI:	-55.0923	-66.002	-63.0801	-59.4607	-57.2355	-52.8885	dBm,Throughput:	1.69931	2.88331	11.1592	6.8629	15.6546	38.2593	Mbps
( 21, 4 )	RSSI:	-54.2656	-66.1293	-63.2515	-59.3734	-57.8564	-51.1134	dBm,Throughput:	1.48303	4.56938	5.44055	16.3112	10.549	38.3531	Mbps
( 21, 5 )	RSSI:	-51.8828	-65.9659	-63.1948	-59.0677	-58.611	-49.027	dBm,Throughput:	0.736552	2.36359	11.4863	9.69986	15.1343	39.4207	Mbps
( 21, 6 )	RSSI:	-50.4622	-65.9749	-63.1962	-58.9842	-59.4769	-47.6492	dBm,Throughput:	1.56303	2.95559	10.549	7.93655	16.1876	39.1917	Mbps
( 21, 7 )	RSSI:	-50.925	-65.8909	-63.1687	-59.0605	-60.1859	-47.5646	dBm,Throughput:	2.65766	2.54841	9.95862	9.97021	13.7126	38.8474	Mbps
( 21, 8 )	RSSI:	-50.9244	-65.9621	-63.4544	-59.0006	-60.6976	-48.5246	dBm,Throughput:	1.48721	2.23007	7.58676	8.16497	18.6174	38.0864	Mbps
( 21, 9 )	RSSI:	-53.1874	-65.7373	-63.4625	-59.1558	-61.2912	-50.5185	dBm,Throughput:	2.54841	3.66179	9.12221	5.24138	17.6535	38.2273	Mbps
