AP location	AP	Sta1	Sta2	Sta3	Sta4	Sta5										Sta1		Sta2		Sta3	Sta4	Sta5	 Total
( 1.5, 1.5 )	RSSI:	-55.8208	-60.1202	-53.3338	-60.7295	-63.1164	-63.5912	dBm,Throughput:	8.66538	16.9909	4.98538	4.45903	2.41931	37.52	Mbps
( 1.5, 4.5 )	RSSI:	-53.9025	-55.4425	-52.7379	-60.3932	-63.6773	-63.5982	dBm,Throughput:	11.2381	18.4988	5.52441	3.27448	0.987127	39.5229	Mbps
( 1.5, 7.5 )	RSSI:	-50.312	-47.1011	-56.1862	-60.2791	-63.6327	-63.4642	dBm,Throughput:	12.4811	14.0927	6.64883	3.57517	2.26372	39.0615	Mbps
( 4.5, 1.5 )	RSSI:	-46.7892	-60.0246	-44.1852	-59.4061	-61.7625	-62.9757	dBm,Throughput:	8.96938	16.9506	6.4949	5.55034	1.62152	39.5868	Mbps
( 4.5, 4.5 )	RSSI:	-45.1288	-55.426	-41.7586	-58.2487	-62.2373	-62.6553	dBm,Throughput:	13.9752	12.5848	8.83255	3.25959	1.6811	40.3332	Mbps
( 4.5, 7.5 )	RSSI:	-48.4708	-46.8853	-52.4801	-58.038	-63.1399	-62.9734	dBm,Throughput:	19.6927	9.87421	5.59393	2.07062	3.01934	40.2508	Mbps
( 7.5, 1.5 )	RSSI:	-46.8813	-61.248	-44.2196	-56.9034	-58.6329	-61.6073	dBm,Throughput:	3.49683	16.475	7.71697	10.5992	3.8411	42.1291	Mbps
( 7.5, 4.5 )	RSSI:	-44.8113	-58.1118	-41.6358	-53.5617	-59.9354	-61.137	dBm,Throughput:	9.54372	12.3641	9.94207	5.06097	3.87789	40.7888	Mbps
( 7.5, 7.5 )	RSSI:	-52.2023	-54.2545	-52.3545	-52.7202	-61.6581	-61.2288	dBm,Throughput:	11.8726	12.0154	9.02731	2.6664	5.19283	40.7745	Mbps
( 10.5, 1.5 )	RSSI:	-52.7981	-62.9578	-53.5579	-54.2615	-53.0216	-59.6588	dBm,Throughput:	2.89931	7.96028	8.60634	16.1512	5.62152	41.2386	Mbps
( 10.5, 4.5 )	RSSI:	-48.1091	-60.8434	-52.8607	-45.4509	-56.7295	-58.556	dBm,Throughput:	4.01876	14.5214	11.4058	4.79283	6.59531	41.3341	Mbps
( 10.5, 7.5 )	RSSI:	-44.8947	-59.3226	-56.2311	-40.6157	-59.9307	-58.3448	dBm,Throughput:	6.54731	10.5913	8.57269	7.40248	8.14179	41.2556	Mbps
( 13.5, 1.5 )	RSSI:	-46.7779	-64.193	-58.6068	-54.1679	-43.0723	-57.0128	dBm,Throughput:	2.40276	5.02455	14.0419	9.85465	9.39145	40.7153	Mbps
( 13.5, 4.5 )	RSSI:	-47.7715	-63.3628	-58.4764	-45.4754	-53.1557	-53.6711	dBm,Throughput:	3.24634	3.79641	14.2794	11.2061	8.88	41.4082	Mbps
( 13.5, 7.5 )	RSSI:	-42.4078	-62.3973	-59.4159	-40.2169	-58.4712	-52.6999	dBm,Throughput:	2.31007	6.36083	18.9131	4.58683	7.67503	39.8458	Mbps
( 16.5, 1.5 )	RSSI:	-46.2616	-65.2759	-61.5946	-56.7654	-42.9518	-54.3321	dBm,Throughput:	1.52386	5.36552	5.58841	12.7029	15.0268	40.2074	Mbps
( 16.5, 4.5 )	RSSI:	-47.2592	-64.9624	-61.4899	-53.5733	-53.302	-45.282	dBm,Throughput:	1.65517	4.29462	8.46566	8.71669	17.5829	40.715	Mbps
( 16.5, 7.5 )	RSSI:	-42.9525	-64.559	-61.925	-52.5895	-58.5023	-40.3064	dBm,Throughput:	2.70731	2.55172	10.2499	8.06179	17.0047	40.5754	Mbps
( 19.5, 1.5 )	RSSI:	-54.5191	-65.9586	-62.8083	-59.2308	-53.1629	-54.5069	dBm,Throughput:	2.752	4.71393	7.95586	13.4124	10.1495	38.9837	Mbps
( 19.5, 4.5 )	RSSI:	-47.7592	-66.2816	-63.0674	-57.8539	-56.4299	-45.3353	dBm,Throughput:	0.788414	1.53986	6.21407	14.8061	16.9446	40.293	Mbps
( 19.5, 7.5 )	RSSI:	-42.8827	-65.5924	-63.2009	-57.6819	-59.6814	-40.311	dBm,Throughput:	1.87755	4.20248	7.22262	7.696	18.9236	39.9222	Mbps
