AP location	AP	Sta1	Sta2	Sta3	Sta4	Sta5										Sta1		Sta2		Sta3	Sta4	Sta5	 Total
( 1, 1 )	RSSI:	-2.59919	10.5921	15.1126	12.389	-60.6654	-54.6452	-61.8882	-63.7541	-64.1284	dBm,Throughput:	7.62358	9.24211	8.80589	4.67874	2.64505	32.9954	Mbps
( 1, 2 )	RSSI:	-2.43809	10.6897	15.0271	12.4335	-59.6392	-53.9264	-61.5531	-63.6719	-64.0698	dBm,Throughput:	5.28421	10.7318	7.66821	5.79705	3.52084	33.0021	Mbps
( 1, 3 )	RSSI:	-2.39192	10.7071	15.1163	12.4331	-58.4434	-53.6452	-61.4349	-63.855	-63.8753	dBm,Throughput:	6.23738	7.83158	7.66989	8.07158	3.17389	32.9843	Mbps
( 1, 4 )	RSSI:	-2.44121	10.5	15.1535	12.418	-56.8617	-53.7716	-61.2591	-63.738	-63.8808	dBm,Throughput:	6.91179	6.74779	8.45221	5.54695	5.35495	33.0137	Mbps
( 1, 5 )	RSSI:	-2.147	10.9258	14.9403	12.8106	-54.9861	-54.2112	-61.1947	-63.9525	-64.5062	dBm,Throughput:	9.08547	7.94779	6.88926	2.56769	6.18105	32.6713	Mbps
( 1, 6 )	RSSI:	11.3621	9.89605	13.1695	10.387	-54.1465	-55.6106	-61.1948	-64.0612	-63.4218	dBm,Throughput:	33.1116	6.30653	11.9359	9.93516	4.76379	66.053	Mbps
( 1, 7 )	RSSI:	11.2093	10.157	13.347	10.6662	-51.5059	-56.3781	-61.05	-63.9666	-63.5834	dBm,Throughput:	31.9604	6.16168	8.85895	8.47579	8.85305	64.3099	Mbps
( 1, 8 )	RSSI:	11.4266	10.3932	13.2109	10.7896	-48.2072	-56.8413	-61.1577	-64.0905	-64.9542	dBm,Throughput:	32.9869	6.11789	16.5794	6.91621	8.88926	71.4897	Mbps
( 1, 9 )	RSSI:	11.462	10.4592	13.114	10.9724	-45.2734	-57.401	-61.1927	-64.0689	-64.6581	dBm,Throughput:	32.9869	6.11789	13.0283	9.45937	9.43821	71.0307	Mbps
( 2, 1 )	RSSI:	-2.29471	10.6606	15.2095	12.5337	-60.2886	-52.6224	-61.7225	-63.2536	-64.2171	dBm,Throughput:	11.4291	8.65684	10.7528	0	2.62147	33.4602	Mbps
( 2, 2 )	RSSI:	-2.40651	10.5105	15.0782	12.4325	-59.4437	-51.639	-61.2378	-63.4141	-63.9542	dBm,Throughput:	7.87116	8.11705	8.75537	4.63158	3.88042	33.2556	Mbps
( 2, 3 )	RSSI:	-2.37614	10.6914	15.0998	12.5029	-57.9918	-51.0406	-60.9261	-63.4971	-64.4308	dBm,Throughput:	9.28421	9.81895	5.74653	3.03916	5.57726	33.4661	Mbps
( 2, 4 )	RSSI:	-2.38074	10.6692	15.1214	12.5189	-56.3339	-51.2797	-60.9321	-63.7058	-63.9836	dBm,Throughput:	10.7722	5.91074	7.632	6.54568	2.54989	33.4105	Mbps
( 2, 5 )	RSSI:	-2.47526	10.5889	15.1927	12.3855	-54.1945	-52.0203	-60.6999	-63.6374	-63.9822	dBm,Throughput:	8.98358	9.296	7.99411	2.85642	4.15663	33.2867	Mbps
( 2, 6 )	RSSI:	-2.45526	10.7314	15.1751	12.632	-51.7271	-53.2131	-60.4501	-63.7697	-64.2792	dBm,Throughput:	5.58821	9.64379	5.14358	6.87663	5.85095	33.1032	Mbps
( 2, 7 )	RSSI:	-2.39387	10.7227	15.082	12.5281	-48.2839	-54.4954	-60.5976	-64.2008	-64.3615	dBm,Throughput:	10.2653	10.1162	5.05432	3.64211	4.17011	33.248	Mbps
( 2, 8 )	RSSI:	11.1655	9.89489	13.4839	10.392	-45.3241	-56.2717	-60.8214	-64.192	-63.5627	dBm,Throughput:	33.5874	7.824	11.9444	8.992	4.46063	66.8084	Mbps
( 2, 9 )	RSSI:	11.4055	10.2895	13.1982	10.7025	-39.4762	-56.9952	-60.692	-63.7537	-64.3741	dBm,Throughput:	32.9869	6.11789	9.65558	9.616	11.4248	69.8013	Mbps
( 3, 1 )	RSSI:	-2.46527	10.5358	15.1076	12.2958	-60.5529	-50.3873	-60.9764	-62.8645	-63.5832	dBm,Throughput:	6.56168	6.66901	7.80968	9.264	3.17221	33.4766	Mbps
( 3, 2 )	RSSI:	-2.49964	10.5744	15.129	12.4297	-59.3159	-48.5634	-60.7258	-62.8595	-63.975	dBm,Throughput:	8.97347	9.49137	7.24914	3.88968	3.98484	33.5885	Mbps
( 3, 3 )	RSSI:	-2.57026	10.4988	15.1253	12.3183	-58.0323	-47.591	-60.2019	-62.9629	-63.9374	dBm,Throughput:	6.76042	8.47747	5.85347	6.19874	6.28295	33.5731	Mbps
( 3, 4 )	RSSI:	-2.48444	10.5264	15.2224	12.4349	-56.3244	-47.8731	-60.0264	-63.1037	-63.5384	dBm,Throughput:	5.86442	7.20589	8.31074	6.49692	5.53263	33.4106	Mbps
( 3, 5 )	RSSI:	-2.55478	10.3938	15.1161	12.3015	-53.9714	-49.1685	-59.8906	-63.4961	-64.3421	dBm,Throughput:	10.3352	10.656	4.55242	2.85726	5.216	33.6168	Mbps
( 3, 6 )	RSSI:	-2.61779	10.5287	15.2557	12.3734	-51.3303	-51.1632	-59.7954	-63.5592	-63.8643	dBm,Throughput:	9.92842	8.224	5.79789	5.72716	4.06063	33.7381	Mbps
( 3, 7 )	RSSI:	-2.38177	10.8007	15.0277	12.5507	-47.6494	-53.0919	-59.8337	-63.5427	-63.8456	dBm,Throughput:	9.21684	7.00463	7.16211	3.16379	6.66863	33.216	Mbps
( 3, 8 )	RSSI:	-2.53559	10.6726	15.0558	12.449	-42.437	-54.7367	-59.9061	-63.8119	-63.325	dBm,Throughput:	6.48589	6.69221	9.36084	6.37726	4.30905	33.2253	Mbps
( 3, 9 )	RSSI:	-2.48908	10.7113	15.5064	13.3327	13.3065	-56.1274	-60.0726	-63.9971	-63.6701	dBm,Throughput:	7.04674	9.51326	9.38585	3.74568	3.51495	33.2065	Mbps
( 4, 1 )	RSSI:	-2.63362	10.4559	15.0653	12.3883	-60.5275	-47.7224	-60.2857	-62.0992	-63.5785	dBm,Throughput:	5.84589	7.93684	8.53846	4.88842	6.06568	33.2753	Mbps
( 4, 2 )	RSSI:	-2.52758	10.4565	15.0987	12.2771	-59.4457	-44.5715	-59.8913	-62.1607	-63.3379	dBm,Throughput:	5.12758	7.93011	8.34021	6.79747	5.41389	33.6093	Mbps
( 4, 3 )	RSSI:	-2.36074	10.4951	15.1191	12.3225	-57.9894	-42.4999	-59.6149	-62.4751	-63.6657	dBm,Throughput:	9.09053	7.35158	7.08941	3.71874	4.71242	31.9627	Mbps
( 4, 4 )	RSSI:	-2.56912	10.4451	15.123	12.3209	-56.3831	-43.1071	-59.1993	-62.6176	-63.3727	dBm,Throughput:	6.92632	8.43284	7.70695	6.39411	4.18105	33.6413	Mbps
( 4, 5 )	RSSI:	-2.45125	10.5793	15.0543	12.363	-54.3634	-45.8515	-59.0004	-62.7476	-63.5066	dBm,Throughput:	6.81937	7.69516	7.76842	4.32168	7.02905	33.6337	Mbps
( 4, 6 )	RSSI:	-2.51039	10.4814	15.2427	12.4134	-51.4845	-48.9136	-58.9661	-63.3045	-63.5439	dBm,Throughput:	12.7891	5.40716	6.97684	5.08126	3.33558	33.5899	Mbps
( 4, 7 )	RSSI:	-2.6147	10.5817	15.1878	12.4169	-48.3088	-51.6634	-58.8116	-63.2517	-63.2404	dBm,Throughput:	7.29853	7.11832	8.70147	4.93642	5.47789	33.5326	Mbps
( 4, 8 )	RSSI:	-2.67114	10.5108	15.1284	12.3634	-43.8023	-53.8622	-58.916	-63.5993	-63.6601	dBm,Throughput:	9.83411	6.112	5.31789	4.71663	7.05263	33.0333	Mbps
( 4, 9 )	RSSI:	-2.51227	10.7041	15.0489	12.551	-37.8356	-55.4881	-59.2375	-63.7771	-63.9884	dBm,Throughput:	9.91158	9.85432	5.6	2.16337	5.85347	33.3827	Mbps
( 5, 1 )	RSSI:	-2.5508	10.3952	15.1148	12.3491	-60.765	-45.2451	-59.5491	-61.3572	-63.4487	dBm,Throughput:	4.34019	8.58274	7.00042	4.84042	8.48096	33.2447	Mbps
( 5, 2 )	RSSI:	-2.35984	10.714	15.0877	12.4543	-59.6491	-39.7861	-59.1789	-61.5879	-63.3082	dBm,Throughput:	5.68337	9.168	7.89389	4.52632	6.26105	33.5326	Mbps
( 5, 3 )	RSSI:	-2.45418	10.5505	15.137	12.4079	-58.2655	-33.841	-58.6508	-61.8677	-63.5395	dBm,Throughput:	7.94189	10.8775	6.56065	3.52168	4.65937	33.5611	Mbps
( 5, 4 )	RSSI:	-2.53894	10.5973	15.1157	12.3433	-56.7992	-35.9296	-58.1815	-62.0521	-62.9781	dBm,Throughput:	6.67284	7.85347	8.39411	7.82821	2.92884	33.6775	Mbps
( 5, 5 )	RSSI:	-2.65203	10.5074	15.1727	12.3063	-54.8745	-42.1628	-57.8423	-62.3771	-63.0241	dBm,Throughput:	8.88253	8.38232	7.29011	5.36	3.72632	33.6413	Mbps
( 5, 6 )	RSSI:	-2.61159	10.4906	15.2203	12.4869	-52.7387	-47.0048	-57.4692	-62.5456	-63.0689	dBm,Throughput:	6.24505	7.99747	8.19368	4.18695	6.60379	33.2269	Mbps
( 5, 7 )	RSSI:	-2.56255	10.5539	15.1965	12.556	-49.9002	-50.5148	-57.5846	-62.9507	-62.982	dBm,Throughput:	6.75807	8.16758	7.03747	6.048	3.46358	31.4747	Mbps
( 5, 8 )	RSSI:	-2.52583	10.7614	15.127	12.6945	-46.8281	-53.1013	-57.7244	-63.1553	-63.0752	dBm,Throughput:	7.48632	7.93768	7.36253	5.136	5.43242	33.3549	Mbps
( 5, 9 )	RSSI:	-2.53951	10.6534	15.1	12.5949	-43.8533	-55.1341	-58.028	-63.3705	-63.0287	dBm,Throughput:	6.74274	6.59537	8.67453	3.93432	7.024	32.9709	Mbps
( 6, 1 )	RSSI:	-2.6088	10.5753	15.0721	12.4668	-60.8105	-44.126	-59.0098	-60.5976	-63.2001	dBm,Throughput:	8.21137	8.47784	8.95663	2.75116	4.97095	33.3679	Mbps
( 6, 2 )	RSSI:	-2.63997	10.4649	15.1295	12.3243	-60.1029	-36.8115	-58.2015	-60.6147	-62.8099	dBm,Throughput:	5.07749	6.48758	7.18821	7.81811	6.96	33.5314	Mbps
( 6, 3 )	RSSI:	-2.67076	10.4584	15.645	13.3972	-58.7346	13.2547	-57.5598	-61.0627	-62.7406	dBm,Throughput:	9.36505	7.65474	8.95916	3.55368	3.75326	33.2859	Mbps
( 6, 4 )	RSSI:	-2.62703	10.4835	15.4636	13.0706	-57.3997	13.1918	-56.8723	-61.2448	-62.5086	dBm,Throughput:	9.78105	5.92084	9.73642	3.78358	4.34947	33.5714	Mbps
( 6, 5 )	RSSI:	-2.70286	10.4	15.1799	12.3128	-55.868	-40.1426	-56.3369	-61.7824	-62.5488	dBm,Throughput:	7.35158	9.60236	8.08926	5.072	3.47958	33.5948	Mbps
( 6, 6 )	RSSI:	-2.46992	10.6448	15.1527	12.5091	-54.0541	-46.2104	-55.9187	-62.0069	-62.5347	dBm,Throughput:	6.58266	7.66621	8.92466	4.03621	6.21137	33.4211	Mbps
( 6, 7 )	RSSI:	-2.44545	10.8956	15.108	12.6166	-52.0108	-50.1998	-56.0514	-62.4616	-62.534	dBm,Throughput:	8.36379	5.23874	9.01137	2.89684	5.88716	31.3979	Mbps
( 6, 8 )	RSSI:	-2.50984	10.5964	15.0949	12.5015	-49.8946	-52.9795	-56.271	-62.934	-62.6175	dBm,Throughput:	8.42779	5.14442	7.34316	7.54779	4.57095	33.0341	Mbps
( 6, 9 )	RSSI:	-2.61976	10.7331	15.1184	12.5266	-48.3371	-54.9923	-56.7048	-63.1303	-62.754	dBm,Throughput:	6.82442	6.95326	7.18484	5.45516	6.59621	33.0139	Mbps
( 7, 1 )	RSSI:	-2.65265	10.5019	15.1317	12.3055	-61.264	-45.2905	-58.2749	-59.4735	-62.8037	dBm,Throughput:	8.81263	6.42863	7.76	5.79958	4.82442	33.6253	Mbps
( 7, 2 )	RSSI:	-2.51211	10.5994	15.1184	12.4104	-60.4339	-39.8336	-57.2612	-59.7528	-62.4375	dBm,Throughput:	6.84716	7.11663	8.31747	7.30021	3.84566	33.4271	Mbps
( 7, 3 )	RSSI:	-2.63944	10.5855	15.1842	12.4307	-59.5146	-34.0052	-56.2685	-60.0387	-62.2444	dBm,Throughput:	7.45853	6.43537	8.336	5.49053	5.77853	33.4989	Mbps
( 7, 4 )	RSSI:	-2.56271	10.6146	15.1563	12.4436	-58.1649	-35.9718	-55.2845	-60.5549	-62.3243	dBm,Throughput:	8.40421	8.71579	7.02737	4.72084	4.48842	33.3566	Mbps
( 7, 5 )	RSSI:	-2.50346	10.6136	15.1853	12.5383	-56.948	-42.2644	-54.4412	-60.9877	-62.0192	dBm,Throughput:	9.54189	5.02287	9.10484	6.20126	3.62779	33.4987	Mbps
( 7, 6 )	RSSI:	-2.63538	10.4918	15.1451	12.4012	-55.5601	-46.9587	-53.986	-61.4728	-62.1945	dBm,Throughput:	7.16042	9.43874	7.40126	3.42792	5.76842	33.1968	Mbps
( 7, 7 )	RSSI:	-2.52421	10.7084	15.1359	12.5739	-54.1037	-50.6192	-53.9	-61.7981	-61.9314	dBm,Throughput:	5.27916	5.27242	7.58147	6.64168	8.67537	33.4501	Mbps
( 7, 8 )	RSSI:	-2.34801	10.8245	15.1263	12.7283	-52.6962	-53.2646	-54.4067	-62.3743	-62.0688	dBm,Throughput:	7.63537	4.18021	5.86358	6.59789	7.13263	31.4097	Mbps
( 7, 9 )	RSSI:	-2.56672	10.7598	15.0569	12.6119	-51.6245	-55.1579	-55.0701	-62.8386	-62.068	dBm,Throughput:	7.81558	7.61263	9.20084	4.65338	3.43242	32.7149	Mbps
( 8, 1 )	RSSI:	-2.63701	10.5744	15.0448	12.4093	-61.5216	-47.6656	-57.4468	-58.1856	-62.5001	dBm,Throughput:	11.248	8.02021	6.56253	3.90316	3.86863	33.6025	Mbps
( 8, 2 )	RSSI:	-2.63512	10.4343	15.1659	12.2872	-60.9356	-44.6828	-56.1414	-58.4695	-62.0953	dBm,Throughput:	8.92716	5.60674	8.21221	5.312	5.53263	33.5907	Mbps
( 8, 3 )	RSSI:	-2.59369	10.6361	15.1414	12.4823	-60.0302	-42.4695	-54.712	-58.9453	-61.8684	dBm,Throughput:	5.25305	9.95453	5.425	7.91832	4.35032	32.9012	Mbps
( 8, 4 )	RSSI:	-2.69484	10.4353	15.161	12.3245	-59.0969	-43.1339	-53.2789	-59.5046	-61.5427	dBm,Throughput:	9.27579	5.74316	10.0328	4.608	3.71453	33.3743	Mbps
( 8, 5 )	RSSI:	-2.67838	10.5962	15.1132	12.5346	-58.0795	-45.8509	-52.1206	-60.1069	-61.3824	dBm,Throughput:	7.30442	7.06072	7.61768	6.88589	4.50695	33.3757	Mbps
( 8, 6 )	RSSI:	-2.6141	10.6561	15.1627	12.4114	-57.039	-48.8669	-51.3147	-60.7033	-61.3129	dBm,Throughput:	4.94063	7.88547	8.54682	3.11242	7.03074	31.5161	Mbps
( 8, 7 )	RSSI:	-2.68849	10.5282	15.128	12.4159	-55.9037	-51.5541	-51.2602	-61.3359	-61.3104	dBm,Throughput:	6.41179	8.54568	8.25347	3.86845	6.30905	33.3884	Mbps
( 8, 8 )	RSSI:	-2.55994	10.8574	15.0514	12.655	-54.9326	-53.7021	-51.9019	-61.9788	-61.5058	dBm,Throughput:	5.81305	11.1949	6.736	3.01558	4.56674	31.3263	Mbps
( 8, 9 )	RSSI:	-2.53616	10.8903	15.0215	12.6558	-54.1897	-55.495	-53.0596	-62.5024	-61.4965	dBm,Throughput:	9.41389	6.88589	9.45263	3.39284	2.31158	31.4568	Mbps
( 9, 1 )	RSSI:	10.6535	10.0274	13.72	10.9375	-62.0632	-51.3984	-57.4606	-57.4329	-62.5918	dBm,Throughput:	36.4446	8.65095	6.61811	6.752	11.1907	69.6564	Mbps
( 9, 2 )	RSSI:	-2.5019	10.7321	15.08	12.5604	-61.0959	-48.4587	-55.1752	-57.0451	-61.6427	dBm,Throughput:	9.80379	10.6375	6.26189	6.78821	0	33.4914	Mbps
( 9, 3 )	RSSI:	-2.5677	10.696	15.0967	12.3969	-60.5451	-47.5122	-53.243	-57.6387	-61.2625	dBm,Throughput:	9.69798	9.86947	6.84295	3.728	3.17389	33.3123	Mbps
( 9, 4 )	RSSI:	-2.60505	10.6918	15.1037	12.5797	-59.8925	-47.8066	-51.2007	-58.3846	-60.8266	dBm,Throughput:	6.464	8.66021	5.59158	7.64379	4.82468	33.1843	Mbps
( 9, 5 )	RSSI:	-2.53613	10.7998	15.1355	12.5861	-59.0171	-49.1858	-49.1586	-59.2628	-60.6636	dBm,Throughput:	6.55916	9.83074	6.96674	3.94611	5.66316	32.9659	Mbps
( 9, 6 )	RSSI:	-2.56272	10.6545	15.1073	12.642	-58.309	-51.2289	-47.88	-59.9982	-60.4028	dBm,Throughput:	6.61305	7.024	7.78021	5.80126	5.80663	33.0252	Mbps
( 9, 7 )	RSSI:	-2.59027	10.7584	15.104	12.5526	-57.4315	-52.9927	-47.7327	-60.7839	-60.4109	dBm,Throughput:	6.57263	8.19621	9.53095	4.14063	4.65011	33.0905	Mbps
( 9, 8 )	RSSI:	-2.58449	10.771	15.1264	12.5415	-56.791	-54.6851	-48.8328	-61.5007	-60.438	dBm,Throughput:	7.02653	7.43916	9.06526	5.77853	3.536	32.8455	Mbps
( 9, 9 )	RSSI:	-2.72515	10.7311	15.0264	12.6055	-56.3946	-56.181	-50.7812	-62.0732	-60.7138	dBm,Throughput:	6.33011	7.41053	7.74821	6.90695	4.10947	32.5053	Mbps
( 10, 1 )	RSSI:	10.6335	10.0571	13.6143	10.7591	-62.28	-53.4896	-56.8526	-55.4571	-61.6901	dBm,Throughput:	36.2745	5.73137	11.312	10.6206	5.58232	69.5208	Mbps
( 10, 2 )	RSSI:	10.6395	10.193	13.562	10.8207	-61.7631	-52.493	-55.0441	-56.1507	-61.5701	dBm,Throughput:	36.7267	11.7145	7.25312	8.07579	6.11368	69.8839	Mbps
( 10, 3 )	RSSI:	-2.53697	10.6562	15.0968	12.5334	-61.4298	-51.0948	-51.6065	-55.9081	-60.168	dBm,Throughput:	5.30189	6.61137	5.632	6.736	7.78695	32.0682	Mbps
( 10, 4 )	RSSI:	-2.60764	10.7205	15.145	12.5821	-60.7177	-51.2164	-48.8028	-57.0631	-59.8744	dBm,Throughput:	8.18442	6.53305	6.11368	5.92084	6.58358	33.3356	Mbps
( 10, 5 )	RSSI:	-2.67791	10.796	15.0479	12.7483	-59.9967	-51.9381	-45.5892	-58.1357	-59.5578	dBm,Throughput:	5.67158	8.33768	7.28674	6.29558	5.66821	33.2598	Mbps
( 10, 6 )	RSSI:	-2.40114	10.9097	15.0627	12.7022	-59.4008	-53.2418	-42.9076	-59.1912	-59.3143	dBm,Throughput:	7.35411	5.46274	9.45263	2.83032	7.83855	32.9383	Mbps
( 10, 7 )	RSSI:	-2.43552	10.9469	15.1221	12.7519	-58.7643	-54.4494	-42.6592	-60.1994	-59.3662	dBm,Throughput:	7.024	9.088	6.79747	6.62905	2.32842	31.8669	Mbps
( 10, 8 )	RSSI:	-2.68453	10.8725	15.1034	12.8458	-58.3216	-55.7144	-44.9283	-61.0065	-59.4988	dBm,Throughput:	6.02021	8.48758	8.16674	4.54063	4.50442	31.7196	Mbps
( 10, 9 )	RSSI:	10.5834	10.2816	13.6628	11.0897	-58.665	-56.8526	-49.3137	-62.1659	-60.5698	dBm,Throughput:	40.3874	7.92674	9.85047	7.82063	6.64084	72.6261	Mbps
( 11, 1 )	RSSI:	10.6035	10.1488	13.5974	10.8017	-62.4622	-55.1035	-56.399	-52.8104	-61.2152	dBm,Throughput:	36.4413	9.31284	10.4093	8.83874	4.60042	69.6025	Mbps
( 11, 2 )	RSSI:	10.8167	10.1475	13.5387	10.8699	-62.2084	-54.6337	-54.35	-53.963	-60.7181	dBm,Throughput:	38.8345	7.392	7.64211	10.0606	6.18358	70.1128	Mbps
( 11, 3 )	RSSI:	10.6813	10.1979	13.6031	10.8174	-61.7807	-54.2735	-51.5238	-55.1447	-60.0734	dBm,Throughput:	36.4379	9.34232	10.2105	9.488	3.93179	69.4105	Mbps
( 11, 4 )	RSSI:	-2.49424	10.8537	15.0656	12.7223	-61.3813	-53.7676	-46.7018	-55.5316	-58.6866	dBm,Throughput:	6.784	6.4	4.88084	6.94484	6.00952	31.0192	Mbps
( 11, 5 )	RSSI:	-2.49239	10.7386	15.1212	12.6454	-60.6939	-54.0977	-41.6499	-57.1106	-58.3712	dBm,Throughput:	9.75411	7.47958	6.49684	4.86316	2.86653	31.4602	Mbps
( 11, 6 )	RSSI:	-2.55325	10.9422	15.0788	12.6656	-60.4176	-54.9267	-35.2795	-58.3178	-57.9623	dBm,Throughput:	5.52842	7.07874	9.04505	3.75074	5.20842	30.6114	Mbps
( 11, 7 )	RSSI:	-2.64068	10.8322	15.0215	12.6843	-59.9216	-55.7719	-34.361	-59.5394	-58.0604	dBm,Throughput:	7.97389	8.0976	6.256	4.15158	5.81221	32.2913	Mbps
( 11, 8 )	RSSI:	10.6003	10.3872	13.576	11.1909	-59.8996	-56.7013	-41.7695	-61.2593	-59.2362	dBm,Throughput:	40.0101	11.488	7.49811	8.75453	4.14568	71.8964	Mbps
( 11, 9 )	RSSI:	10.6501	10.3552	13.5388	11.0897	-59.7389	-57.3292	-47.0104	-61.994	-59.5463	dBm,Throughput:	40.1415	9.39453	9.67663	8.48421	2.86989	70.5667	Mbps
( 12, 1 )	RSSI:	10.3522	9.80204	13.884	10.7379	-62.7216	-56.3732	-56.0686	-49.5244	-60.2732	dBm,Throughput:	36.4379	8.80674	11.2581	5.51326	4.60379	66.6198	Mbps
( 12, 2 )	RSSI:	10.6828	10.155	13.6444	11.0288	-62.589	-56.0864	-54.1111	-51.1997	-59.7505	dBm,Throughput:	36.5625	7.32968	6.31579	8.53726	10.6046	69.3499	Mbps
( 12, 3 )	RSSI:	10.6655	10.298	13.5801	11.0318	-62.34	-55.9475	-51.159	-53.2172	-58.9946	dBm,Throughput:	36.3958	6.848	8.18274	8.89853	8.60126	68.9263	Mbps
( 12, 4 )	RSSI:	10.4527	10.2908	13.608	11.0529	-61.846	-55.8466	-46.9594	-55.212	-58.1933	dBm,Throughput:	31.7179	11.3785	9.37095	7.36253	4.64758	64.4775	Mbps
( 12, 5 )	RSSI:	-3.08522	10.4416	15.1742	12.4045	-61.6067	-55.8978	-39.4333	-55.9118	-56.6257	dBm,Throughput:	6.57263	6.39663	7.63368	5.424	3.78695	29.8139	Mbps
( 12, 6 )	RSSI:	-2.55888	10.9243	15.5183	13.7504	-61.1055	-56.2823	13.3878	-57.5596	-56.3387	dBm,Throughput:	4.32589	9.17811	9.15426	3.49221	5.94189	32.0924	Mbps
( 12, 7 )	RSSI:	10.5216	10.4167	14.1108	12.0136	-61.0389	-56.8938	12.0004	-59.635	-57.3487	dBm,Throughput:	39.9714	6.50611	7.82905	9.056	8.60379	71.9663	Mbps
( 12, 8 )	RSSI:	10.6322	10.2805	13.6679	11.0959	-60.7795	-57.3853	-38.9792	-60.797	-57.6483	dBm,Throughput:	40.3874	7.89642	10.0017	7.77768	4.432	70.4952	Mbps
( 12, 9 )	RSSI:	10.7277	10.5393	13.4709	11.1618	-60.6612	-57.8334	-46.15	-61.6237	-58.149	dBm,Throughput:	40.3874	7.63453	6.98105	9.56379	5.75158	70.3183	Mbps
( 13, 1 )	RSSI:	10.9475	10.6036	13.4194	11.1573	-62.8999	-57.2782	-56.1532	-45.2011	-59.3791	dBm,Throughput:	9.50147	29.4796	12.1878	7.78526	10.2282	69.1823	Mbps
( 13, 2 )	RSSI:	11.0971	10.402	13.3301	11.1202	-62.8738	-57.1912	-54.3056	-48.0518	-58.5735	dBm,Throughput:	15.6564	24.3832	7.23621	15.0872	8.44042	70.8034	Mbps
( 13, 3 )	RSSI:	11.1673	10.4921	13.2286	11.1013	-62.5028	-56.8947	-51.5727	-51.2799	-57.6111	dBm,Throughput:	12.0867	28.288	13.2808	8.32589	9.37095	71.3524	Mbps
( 13, 4 )	RSSI:	11.1002	10.3655	13.3301	10.9291	-62.4116	-57.0329	-48.0467	-53.836	-56.5793	dBm,Throughput:	12.0867	28.288	9.62695	12.1044	10.6636	72.7697	Mbps
( 13, 5 )	RSSI:	11.0363	10.4785	13.2996	11.0835	-62.1946	-57.1181	-42.9906	-56.0472	-55.7486	dBm,Throughput:	11.0064	29.4947	10.5027	11.0695	8.93979	71.0131	Mbps
( 13, 6 )	RSSI:	11.048	10.5421	13.3096	10.9398	-62.0444	-57.4531	-36.8774	-57.8559	-55.2588	dBm,Throughput:	13.8248	26.4143	8.31495	7.19158	16.3293	72.0749	Mbps
( 13, 7 )	RSSI:	10.5313	10.4961	13.5804	11.1461	-61.5239	-57.5888	-35.565	-59.3334	-55.2755	dBm,Throughput:	40.0371	11.744	7.95865	6.59537	5.21173	71.5468	Mbps
( 13, 8 )	RSSI:	10.6055	10.5959	13.4856	11.2837	-61.5101	-58.0149	-41.7472	-60.4536	-55.5965	dBm,Throughput:	39.9663	6.21558	4.93715	7.30863	11.7162	70.1439	Mbps
( 13, 9 )	RSSI:	10.602	10.597	13.5764	11.1969	-61.317	-58.2084	-46.9405	-61.3102	-56.4022	dBm,Throughput:	40.0682	7.26147	12.6501	5.36337	5.84842	71.1916	Mbps
( 14, 1 )	RSSI:	11.0543	10.6406	13.3207	11.1339	-63.0661	-57.9106	-56.7661	-39.1842	-58.6878	dBm,Throughput:	12.528	27.9916	12.4514	13.1175	6.14484	72.2333	Mbps
( 14, 2 )	RSSI:	11.0727	10.772	13.2545	11.273	-63.01	-57.8093	-54.9928	-45.0535	-57.4977	dBm,Throughput:	12.9078	27.0888	10.3192	12.9238	7.80295	71.0425	Mbps
( 14, 3 )	RSSI:	11.2333	10.6616	13.2659	11.2565	-62.8172	-57.707	-52.8464	-49.5877	-56.143	dBm,Throughput:	12.0867	28.288	9.19663	10.4337	8.96842	68.9735	Mbps
( 14, 4 )	RSSI:	11.1315	10.4371	13.2737	11.015	-62.7473	-57.8228	-50.0882	-52.8981	-54.6859	dBm,Throughput:	12.0867	28.288	8.52211	12.2088	10.9002	72.0059	Mbps
( 14, 5 )	RSSI:	11.2417	10.5427	13.2685	11.089	-62.5448	-57.8024	-46.9966	-55.4535	-53.5074	dBm,Throughput:	12.0867	28.288	9.38779	10.448	10.2189	70.4295	Mbps
( 14, 6 )	RSSI:	11.1265	10.5361	13.39	11.2037	-62.371	-58.0081	-44.3	-57.4146	-52.7693	dBm,Throughput:	11.0064	29.4947	9.97137	12.4303	9.34484	72.2477	Mbps
( 14, 7 )	RSSI:	11.2547	10.8171	13.0825	11.3672	-62.2856	-58.1589	-44.085	-59.0709	-52.7451	dBm,Throughput:	14.7158	24.3015	7.02653	8.46737	10.0851	64.5962	Mbps
( 14, 8 )	RSSI:	11.0313	10.7596	13.2996	11.3781	-62.1623	-58.3726	-46.4137	-60.1545	-53.2165	dBm,Throughput:	13.8248	26.4143	8.15495	9.84842	10.9339	69.1764	Mbps
( 14, 9 )	RSSI:	11.0206	10.6228	13.231	11.1696	-62.1671	-58.6656	-49.4917	-61.1262	-54.4368	dBm,Throughput:	13.7288	26.5288	7.86695	11.1057	11.4366	70.6669	Mbps
( 15, 1 )	RSSI:	10.8684	10.6602	13.9836	12.2999	-63.3512	-58.4197	-57.3374	11.9795	-57.862	dBm,Throughput:	12.9078	27.0888	12.2821	8.84211	9.35495	70.4758	Mbps
( 15, 2 )	RSSI:	10.9543	10.7013	13.3139	11.3027	-63.2465	-58.3844	-55.9986	-43.6145	-56.2497	dBm,Throughput:	12.9078	27.0888	8.91789	11.136	10.3469	70.3975	Mbps
( 15, 3 )	RSSI:	10.668	10.322	13.6187	10.9364	-63.1806	-58.3949	-54.094	-48.7495	-54.3156	dBm,Throughput:	9.50147	29.4796	9.80126	11.008	8.32	68.1103	Mbps
( 15, 4 )	RSSI:	10.9849	10.5251	13.3691	11.0986	-63.0131	-58.3535	-52.3135	-52.4809	-52.4349	dBm,Throughput:	11.2716	27.04	9.67074	11.7474	10.1423	69.872	Mbps
( 15, 5 )	RSSI:	11.1326	10.897	13.2052	11.5141	-62.8198	-58.2869	-50.4006	-55.2635	-50.5529	dBm,Throughput:	15.4122	24.48	11.4798	10.3622	5.41137	67.1455	Mbps
( 15, 6 )	RSSI:	11.177	10.7533	13.2144	11.1599	-62.7314	-58.5019	-49.2349	-57.2529	-49.1207	dBm,Throughput:	11.4552	27.9857	6.71411	8.17853	14.4564	68.7899	Mbps
( 15, 7 )	RSSI:	11.1434	10.7015	13.2147	11.2029	-62.5916	-58.5707	-49.0776	-58.8847	-49.0854	dBm,Throughput:	11.0064	29.4947	8.40168	9.95705	11.9764	70.8363	Mbps
( 15, 8 )	RSSI:	10.9861	10.7947	13.2043	11.347	-62.5861	-58.6725	-50.1064	-60.0859	-50.1583	dBm,Throughput:	14.7158	24.3015	11.2909	7.86274	9.13432	67.3053	Mbps
( 15, 9 )	RSSI:	11.0969	10.4946	13.2847	11.1085	-62.4252	-58.7622	-51.7771	-61.1175	-52.1464	dBm,Throughput:	13.8248	26.4143	13.0796	6.58358	5.55116	65.4535	Mbps
( 16, 1 )	RSSI:	10.8624	10.3604	13.5012	11.0486	-63.6276	-58.8797	-58.1006	-39.1649	-57.0265	dBm,Throughput:	15.6564	24.3832	8.90358	10.6156	8.71495	68.2737	Mbps
( 16, 2 )	RSSI:	10.8423	10.6493	13.377	11.1625	-63.3322	-58.6991	-56.9352	-45.0451	-55.2432	dBm,Throughput:	9.50147	29.4796	11.4316	12.0598	6.45642	68.9288	Mbps
( 16, 3 )	RSSI:	11.0662	10.7361	13.183	11.2226	-63.299	-58.7351	-55.7906	-49.6007	-52.9284	dBm,Throughput:	14.7158	24.3015	9.26232	10.3697	10.9398	69.5891	Mbps
( 16, 4 )	RSSI:	11.0309	10.5775	13.2537	11.1154	-63.1218	-58.6748	-54.4327	-52.9118	-50.0834	dBm,Throughput:	13.8248	26.4143	13.6716	8.22653	8.39074	70.528	Mbps
( 16, 5 )	RSSI:	11.1296	10.9005	13.2997	11.6194	-62.9896	-58.5818	-53.3317	-55.3993	-47.056	dBm,Throughput:	12.0867	28.288	10.8362	10.3444	5.72716	67.2825	Mbps
( 16, 6 )	RSSI:	11.0186	10.6774	13.2684	11.1717	-63.0369	-58.7746	-52.5622	-57.4363	-44.3635	dBm,Throughput:	15.6564	24.3832	11.0762	9.792	8.86316	69.7709	Mbps
( 16, 7 )	RSSI:	11.0231	10.9703	13.2333	11.3667	-62.8291	-58.8061	-52.4094	-59.0184	-43.8444	dBm,Throughput:	9.50147	29.4796	9.936	7.42653	10.6509	66.9945	Mbps
( 16, 8 )	RSSI:	10.9547	10.81	13.2878	11.2739	-62.9508	-59.0444	-53.1507	-60.1139	-46.2288	dBm,Throughput:	9.50147	29.4796	6.19453	9.05179	13.6834	67.9107	Mbps
( 16, 9 )	RSSI:	11.1483	11.06	13.1413	11.4797	-62.8457	-58.9991	-54.2419	-61.2139	-49.508	dBm,Throughput:	15.4122	24.48	8.21221	9.50905	9.47789	67.0914	Mbps
( 17, 1 )	RSSI:	11.1064	11.1002	13.1941	11.4177	-63.364	-58.9022	-58.9088	-45.1389	-56.7066	dBm,Throughput:	11.2389	28.5432	10.0901	11.9155	4.44547	66.2331	Mbps
( 17, 2 )	RSSI:	11.1459	10.797	13.2484	11.2421	-63.4204	-58.9411	-58.0001	-48.2388	-54.4767	dBm,Throughput:	12.0867	28.288	9.66568	10.7335	9.59495	70.3688	Mbps
( 17, 3 )	RSSI:	10.9822	10.8692	13.2099	11.2721	-63.3725	-58.9436	-57.0894	-51.3552	-51.601	dBm,Throughput:	9.50147	29.4796	8.56758	7.86358	11.5057	66.9179	Mbps
( 17, 4 )	RSSI:	11.2881	10.699	13.1757	11.2026	-63.3134	-58.9421	-56.3437	-53.9057	-48.0523	dBm,Throughput:	12.0867	28.288	4.79579	12.9465	10.4867	68.6038	Mbps
( 17, 5 )	RSSI:	10.8891	10.4401	13.4695	11.354	-63.2811	-58.9898	-55.3333	-55.9559	-42.8541	dBm,Throughput:	11.0064	29.4947	9.61347	8.59032	7.93853	66.6435	Mbps
( 17, 6 )	RSSI:	11.1207	10.9914	13.1792	11.4349	-63.1621	-58.956	-55.0508	-57.892	-36.8018	dBm,Throughput:	13.7288	26.5288	10.4497	10.4413	6.82695	67.9756	Mbps
( 17, 7 )	RSSI:	11.266	10.8193	13.1739	11.2153	-63.1041	-59.0657	-55.0961	-59.3867	-35.821	dBm,Throughput:	14.2156	25.7744	6.47116	12.5036	7.35326	66.318	Mbps
( 17, 8 )	RSSI:	10.9492	10.5231	13.3568	11.2758	-63.1533	-59.213	-55.3014	-60.3219	-41.7595	dBm,Throughput:	10.16	30.0775	8.47158	9.63958	8.59621	66.9448	Mbps
( 17, 9 )	RSSI:	11.1659	10.8606	13.1855	11.3211	-63.1104	-59.1439	-56.1396	-61.3597	-47.3308	dBm,Throughput:	14.7158	24.3015	8.97937	9.02484	8.33432	65.3558	Mbps
( 18, 1 )	RSSI:	11.1414	10.8836	13.0886	11.3189	-63.6467	-59.1946	-59.5582	-49.5341	-56.5295	dBm,Throughput:	13.8248	26.4143	7.43326	9.64632	10.5499	67.8686	Mbps
( 18, 2 )	RSSI:	10.9726	10.7402	13.2147	11.3086	-63.6822	-59.1739	-58.9174	-51.2017	-54.2327	dBm,Throughput:	14.7158	24.3015	8.81937	10.8152	9.48884	68.1406	Mbps
( 18, 3 )	RSSI:	11.2921	10.9131	13.0731	11.601	-63.4093	-58.9901	-58.4026	-53.3207	-51.3289	dBm,Throughput:	12.0867	28.288	6.34189	9.94611	8.16926	64.832	Mbps
( 18, 4 )	RSSI:	11.2708	10.8969	13.1849	11.3273	-63.2285	-58.9744	-57.6781	-55.4204	-47.2008	dBm,Throughput:	12.4741	27.8291	11.7363	6.65432	7.49289	66.1867	Mbps
( 18, 5 )	RSSI:	11.0493	10.6542	13.3575	11.2674	-63.4769	-59.2559	-57.1534	-56.8823	-40.8693	dBm,Throughput:	11.0064	29.4947	5.65895	11.3061	8.66105	66.1272	Mbps
( 18, 6 )	RSSI:	10.9579	10.4908	14.0177	12.1301	-63.4329	-59.2522	-56.9136	-58.3539	11.9209	dBm,Throughput:	12.0867	28.288	7.60337	11.9001	7.10277	66.9809	Mbps
( 18, 7 )	RSSI:	11.0209	10.7937	13.9231	12.4845	-63.3652	-59.2296	-56.897	-59.673	11.9303	dBm,Throughput:	14.7158	24.3015	9.11146	7.75242	10.5246	66.4058	Mbps
( 18, 8 )	RSSI:	11.3213	11.0527	13.0671	11.4108	-63.1877	-59.0785	-57.2225	-60.7543	-39.2505	dBm,Throughput:	11.2716	27.04	10.5078	5.85095	8.63242	63.3027	Mbps
( 18, 9 )	RSSI:	10.8424	10.8501	13.4078	11.5497	-63.3592	-59.4063	-57.5694	-61.4574	-46.03	dBm,Throughput:	13.8248	26.4143	8.93389	7.86189	9.23512	66.2701	Mbps
( 19, 1 )	RSSI:	11.1516	10.9652	13.1628	11.3567	-63.706	-59.2522	-60.1746	-52.9268	-56.7319	dBm,Throughput:	12.0867	28.288	7.90063	11.2438	7.04758	66.5667	Mbps
( 19, 2 )	RSSI:	11.1337	10.8673	13.168	11.4447	-63.5606	-59.2062	-59.7302	-53.9322	-54.5627	dBm,Throughput:	11.0064	29.4947	10.196	8.46989	9.74821	68.9153	Mbps
( 19, 3 )	RSSI:	11.2092	11.133	13.0664	11.6706	-63.5519	-59.1126	-59.3336	-55.2972	-51.7788	dBm,Throughput:	15.4122	24.48	9.46274	7.18316	6.384	62.9221	Mbps
( 19, 4 )	RSSI:	11.3074	11.0951	13.0693	11.4092	-63.3672	-59.0892	-58.8794	-56.6824	-48.0918	dBm,Throughput:	7.94947	31.9082	9.17811	9.51579	6.41095	64.9625	Mbps
( 19, 5 )	RSSI:	11.0101	10.6524	13.2821	11.3182	-63.5997	-59.3624	-58.3872	-57.8989	-42.9416	dBm,Throughput:	11.0064	29.4947	6.48253	8.14568	10.3924	65.5218	Mbps
( 19, 6 )	RSSI:	10.9852	10.7871	13.2632	11.2845	-63.493	-59.3157	-58.2933	-59.1451	-36.7602	dBm,Throughput:	11.0064	29.4947	9.03916	9.99495	7.65053	67.1858	Mbps
( 19, 7 )	RSSI:	10.9355	10.6823	13.3298	11.2962	-63.6092	-59.4034	-58.3568	-60.1771	-35.6864	dBm,Throughput:	14.7158	24.3015	7.55368	9.11916	9.46611	65.1562	Mbps
( 19, 8 )	RSSI:	11.0095	11.2865	13.1321	11.6977	-63.4557	-59.411	-58.4313	-61.0422	-41.6255	dBm,Throughput:	11.9983	27.8392	6.416	5.82484	9.76505	61.8434	Mbps
( 19, 9 )	RSSI:	11.1438	11.115	12.9884	11.7087	-63.1472	-59.1731	-58.8514	-61.8411	-47.2961	dBm,Throughput:	6.78989	33.3608	11.552	6.93895	4.16926	62.8109	Mbps
( 20, 1 )	RSSI:	11.2382	11.4055	12.9408	11.7129	-63.6587	-59.2876	-60.697	-55.5511	-57.2877	dBm,Throughput:	11.9789	27.8771	6.192	6.26947	9.34653	61.664	Mbps
( 20, 2 )	RSSI:	11.4762	11.2312	12.7679	11.5314	-63.5142	-59.105	-60.5544	-56.2385	-55.5101	dBm,Throughput:	14.7158	24.3015	6.05585	8.15411	3.42701	56.6542	Mbps
( 20, 3 )	RSSI:	10.9936	10.7336	13.325	11.411	-63.8079	-59.4155	-59.9682	-56.957	-52.8523	dBm,Throughput:	14.7158	24.3015	7.64463	7.18737	8.62316	62.4724	Mbps
( 20, 4 )	RSSI:	11.4074	11.098	12.8677	11.289	-63.4641	-59.1514	-59.9144	-58.1702	-50.2576	dBm,Throughput:	13.7288	26.5288	8.43621	7.27411	6.32589	62.2939	Mbps
( 20, 5 )	RSSI:	11.0255	10.8409	13.2471	11.3649	-63.7212	-59.4143	-59.4913	-58.994	-46.9288	dBm,Throughput:	14.7158	24.3015	8.09095	7.02989	9.80042	63.9385	Mbps
( 20, 6 )	RSSI:	11.1551	11.0655	13.0528	11.4051	-63.5707	-59.3532	-59.3714	-59.9745	-44.3359	dBm,Throughput:	13.8248	26.4143	8.03368	8.26952	9.96042	66.5028	Mbps
( 20, 7 )	RSSI:	11.3043	11.0307	13.0795	11.4657	-63.5075	-59.338	-59.4305	-60.8655	-44.142	dBm,Throughput:	12.0867	28.288	6.12211	10.4893	7.47116	64.4573	Mbps
( 20, 8 )	RSSI:	11.2502	11.0305	13.0612	11.5018	-63.5085	-59.3903	-59.4774	-61.5222	-46.2961	dBm,Throughput:	13.8248	26.4143	6.58274	5.74989	11.5469	64.1187	Mbps
( 20, 9 )	RSSI:	11.0498	10.9331	13.3133	11.7339	-63.5531	-59.5291	-59.7254	-62.0372	-49.4774	dBm,Throughput:	10.16	30.0775	5.49221	7.94274	7.19074	60.8632	Mbps
( 21, 1 )	RSSI:	11.2698	10.8189	13.1366	11.2616	-63.6284	-59.397	-60.8886	-57.4464	-57.9655	dBm,Throughput:	7.94947	31.9082	6.62147	5.95789	10.5718	63.0088	Mbps
( 21, 2 )	RSSI:	11.0137	10.9193	13.2197	11.515	-63.8294	-59.5209	-60.7619	-57.7789	-56.2457	dBm,Throughput:	12.0867	28.288	5.47874	7.95621	8.94905	62.7587	Mbps
( 21, 3 )	RSSI:	11.2414	10.9217	13.0045	11.5176	-63.8992	-59.549	-60.5132	-58.438	-54.434	dBm,Throughput:	15.6564	24.3832	3.91747	6.35032	11.3221	61.6295	Mbps
( 21, 4 )	RSSI:	10.9933	11.0902	13.2426	11.8386	-63.8717	-59.4589	-60.4929	-59.1684	-52.3885	dBm,Throughput:	15.4122	24.48	6.64758	6.91537	7.70339	61.1585	Mbps
( 21, 5 )	RSSI:	11.0642	10.8028	13.2047	11.2306	-63.6804	-59.4931	-60.203	-59.8645	-50.5119	dBm,Throughput:	11.0064	29.4947	8.39158	7.65945	8.52968	65.0819	Mbps
( 21, 6 )	RSSI:	11.1618	11.0821	13.0751	11.6037	-63.7126	-59.3686	-60.2079	-60.655	-49.1892	dBm,Throughput:	11.2716	27.04	6.51643	8.58189	6.80674	60.2166	Mbps
( 21, 7 )	RSSI:	11.3406	11.145	12.9514	11.4788	-63.5085	-59.332	-60.2215	-61.3391	-49.1848	dBm,Throughput:	11.0064	29.4947	6.33516	6.33768	9.40463	62.5786	Mbps
( 21, 8 )	RSSI:	11.0519	10.8053	13.2597	11.413	-63.7014	-59.5197	-60.2151	-61.8581	-50.2587	dBm,Throughput:	12.0867	28.288	6.144	7.66653	8.25937	62.4446	Mbps
( 21, 9 )	RSSI:	11.0021	11.0386	13.1969	11.5842	-63.6353	-59.586	-60.2373	-62.3071	-51.9853	dBm,Throughput:	11.0064	29.4947	6.55242	5.51411	8.93221	61.4999	Mbps
