AP location	AP	Sta1	Sta2	Sta3	Sta4	Sta5										Sta1		Sta2		Sta3	Sta4	Sta5	 Total
( 1, 1 )	RSSI:	-57.5038	-60.8037	-54.9293	-60.9854	-63.5696	-63.935	dBm,Throughput:	13.9288	14.8717	3.14538	4.86952	2.06179	38.8772	Mbps
( 1, 2 )	RSSI:	-56.4018	-59.6277	-54.1629	-60.8225	-63.4125	-63.8351	dBm,Throughput:	11.5906	16.1357	3.68607	4.8811	2.8811	39.1746	Mbps
( 1, 3 )	RSSI:	-56.6557	-58.4473	-53.9207	-60.7702	-63.2401	-63.1567	dBm,Throughput:	10.0182	12.4695	7.78152	6.24993	3.01407	39.5332	Mbps
( 1, 4 )	RSSI:	-55.3069	-56.6722	-53.8972	-60.8955	-63.724	-63.7235	dBm,Throughput:	15.1702	16.0502	5.05193	2.89269	1.06372	40.2288	Mbps
( 1, 5 )	RSSI:	-54.8691	-54.855	-54.3993	-60.5961	-63.7032	-63.8369	dBm,Throughput:	12.4601	18.0392	4.56772	3.64193	1.88138	40.5903	Mbps
( 1, 6 )	RSSI:	-54.0574	-52.4762	-55.2949	-60.6373	-63.8076	-63.4049	dBm,Throughput:	15.6657	12.1357	5.86924	4.39779	1.98345	40.0519	Mbps
( 1, 7 )	RSSI:	-51.679	-49.5967	-56.4008	-60.7446	-63.9238	-63.5883	dBm,Throughput:	20.0679	9.54979	5.83173	2.992	1.60717	40.0486	Mbps
( 1, 8 )	RSSI:	-49.9323	-46.63	-57.3092	-60.6388	-63.9959	-63.5502	dBm,Throughput:	14.9065	14.1319	5.60828	3.97959	1.35614	39.9823	Mbps
( 1, 9 )	RSSI:	-46.6888	-43.7274	-58.3684	-60.617	-64.0514	-63.9616	dBm,Throughput:	16.6632	12.6775	4.01821	2.592	3.57738	39.5283	Mbps
( 2, 1 )	RSSI:	-55.041	-60.6409	-52.7123	-60.5447	-62.7874	-63.3617	dBm,Throughput:	5.42929	19.3986	5.60828	7.74841	1.92828	40.1129	Mbps
( 2, 2 )	RSSI:	-54.5058	-59.422	-51.744	-60.5779	-63.0689	-63.4997	dBm,Throughput:	12.891	13.9123	5.12166	6.40717	1.80628	40.1384	Mbps
( 2, 3 )	RSSI:	-53.6353	-58.1432	-51.0692	-60.398	-62.8637	-62.7269	dBm,Throughput:	8.41048	15.5807	11.093	4.38621	1.17462	40.645	Mbps
( 2, 4 )	RSSI:	-53.6406	-56.1811	-51.3481	-60.306	-63.4836	-63.6725	dBm,Throughput:	16.1578	12.2003	4.01159	6.0217	1.97021	40.3616	Mbps
( 2, 5 )	RSSI:	-54.0626	-54.2538	-52.2446	-60.1471	-63.3257	-63.0316	dBm,Throughput:	14.3399	10.1092	7.63586	6.68579	1.57902	40.3498	Mbps
( 2, 6 )	RSSI:	-52.4893	-51.4789	-53.372	-60.1327	-63.6539	-63.6131	dBm,Throughput:	16.6273	13.0532	4.85186	3.89462	2.30345	40.7305	Mbps
( 2, 7 )	RSSI:	-50.8308	-48.1839	-54.7504	-60.0803	-63.7091	-63.2796	dBm,Throughput:	13.7655	14.8474	6.51145	4.44966	1.21931	40.7934	Mbps
( 2, 8 )	RSSI:	-46.2759	-43.5788	-56.216	-60.2038	-63.7492	-63.154	dBm,Throughput:	18.021	8.76414	8.22897	3.39586	1.91197	40.3219	Mbps
( 2, 9 )	RSSI:	-40.9861	-37.6858	-57.4999	-60.3107	-63.7821	-62.8711	dBm,Throughput:	15.4406	9.94372	10.4629	2.67917	1.67724	40.2036	Mbps
( 3, 1 )	RSSI:	-51.8166	-60.3177	-50.1028	-60.1794	-62.534	-63.5972	dBm,Throughput:	6.84468	23.9471	4.65986	3.15366	1.49903	40.1043	Mbps
( 3, 2 )	RSSI:	-50.4533	-59.0707	-48.2898	-60.4551	-62.9662	-63.103	dBm,Throughput:	12.192	17.76	7.71531	4.24441	0	41.9117	Mbps
( 3, 3 )	RSSI:	-49.6873	-57.8847	-47.4086	-59.7775	-62.6964	-63.3049	dBm,Throughput:	9.46097	19.408	5.21918	4.92303	2.11093	41.1221	Mbps
( 3, 4 )	RSSI:	-51.104	-55.9684	-47.901	-59.8265	-62.9974	-63.1568	dBm,Throughput:	17.9537	10.4182	7.67503	2.90759	1.80745	40.7619	Mbps
( 3, 5 )	RSSI:	-51.0948	-53.8936	-49.1528	-59.4371	-62.9098	-62.9484	dBm,Throughput:	11.6767	14.88	9.14759	3.27669	2.45572	41.4367	Mbps
( 3, 6 )	RSSI:	-51.6461	-51.0046	-51.2947	-59.4113	-63.2371	-62.856	dBm,Throughput:	16.5412	8.19972	8.95669	4.06676	3.12166	40.8861	Mbps
( 3, 7 )	RSSI:	-49.7182	-47.4444	-53.2394	-59.4522	-63.2164	-62.7133	dBm,Throughput:	14.6505	9.93434	10.5137	3.5509	2.22179	40.8712	Mbps
( 3, 8 )	RSSI:	-44.1968	-41.9925	-55.0637	-59.6869	-63.8844	-63.5636	dBm,Throughput:	21.2601	11.5106	4.40221	2.80552	1.55586	41.5343	Mbps
( 3, 9 )	RSSI:	9.84631	13.4097	-56.6625	-59.6556	-63.7151	-63.0576	dBm,Throughput:	13.8003	12.272	6.10703	5.22207	2.58428	39.9857	Mbps
( 4, 1 )	RSSI:	-49.6536	-60.4289	-47.4186	-59.8251	-62.0103	-63.1355	dBm,Throughput:	6.60634	21.2508	5.93103	5.90014	1.48359	41.1719	Mbps
( 4, 2 )	RSSI:	-47.2475	-59.5553	-44.3701	-59.3511	-61.9576	-62.8521	dBm,Throughput:	5.67117	16.7023	5.94648	8.33821	3.67724	40.3354	Mbps
( 4, 3 )	RSSI:	-45.2119	-58.1554	-42.2482	-59.0656	-62.1153	-62.6307	dBm,Throughput:	6.16441	17.1691	8.17269	8.11255	1.71421	41.333	Mbps
( 4, 4 )	RSSI:	-45.6633	-56.2736	-42.9207	-58.881	-62.4445	-62.9815	dBm,Throughput:	11.7258	17.088	6.7573	4.07945	2.03917	41.6897	Mbps
( 4, 5 )	RSSI:	-48.1878	-54.1873	-45.6436	-58.5979	-62.4152	-62.5697	dBm,Throughput:	8.05738	16.4116	9.35393	6.47172	1.6309	41.9255	Mbps
( 4, 6 )	RSSI:	-50.0253	-51.2962	-48.8289	-58.7015	-63.1691	-62.9266	dBm,Throughput:	17.1702	12.6946	7.47917	4.15007	0.46059	41.9547	Mbps
( 4, 7 )	RSSI:	-49.9167	-48.1751	-51.6468	-58.4591	-62.9506	-62.8094	dBm,Throughput:	12.5379	14.6963	7.45766	4.13407	2.89931	41.7252	Mbps
( 4, 8 )	RSSI:	-47.3071	-43.8042	-54.0556	-58.5132	-63.0227	-62.4476	dBm,Throughput:	11.9553	11.9939	10.506	4.71283	2.06124	41.2293	Mbps
( 4, 9 )	RSSI:	-40.6241	-37.5945	-55.9367	-58.8821	-63.5287	-62.6243	dBm,Throughput:	16.8767	9.91536	9.26179	4.09766	1.37822	41.5297	Mbps
( 5, 1 )	RSSI:	-47.2926	-60.6675	-44.9705	-59.233	-61.1339	-62.5768	dBm,Throughput:	4.91862	19.605	9.17186	5.73462	1.808	41.2381	Mbps
( 5, 2 )	RSSI:	-42.4213	-59.7106	-39.5618	-58.7277	-61.2945	-62.4215	dBm,Throughput:	6.36359	17.285	9.09517	5.87034	2.20634	40.8204	Mbps
( 5, 3 )	RSSI:	-36.1237	-58.4201	-33.5785	-58.2493	-61.5353	-62.6914	dBm,Throughput:	5.01848	20.0618	5.552	7.78538	3.21269	41.6303	Mbps
( 5, 4 )	RSSI:	-39.366	-56.7657	-35.8535	-57.8438	-61.7395	-62.4049	dBm,Throughput:	10.8502	13.6486	8.65269	7.23972	1.616	42.0072	Mbps
( 5, 5 )	RSSI:	-44.8211	-54.8708	-41.9059	-57.5246	-62.0249	-62.3108	dBm,Throughput:	9.93766	15.9514	9.61103	4.57986	2.39503	42.475	Mbps
( 5, 6 )	RSSI:	-49.1805	-52.6347	-46.873	-57.2992	-62.2018	-62.0706	dBm,Throughput:	9.56138	13.915	12.075	4.30621	2.10152	41.9592	Mbps
( 5, 7 )	RSSI:	-50.4323	-49.7805	-50.5562	-57.3719	-62.6649	-62.3959	dBm,Throughput:	14.4177	11.2719	8.61622	5.63738	1.98234	41.9255	Mbps
( 5, 8 )	RSSI:	-49.4712	-46.7961	-53.2838	-57.4764	-62.8725	-62.3366	dBm,Throughput:	12.2295	13.0019	7.59724	5.1989	3.33959	41.3672	Mbps
( 5, 9 )	RSSI:	-44.9444	-43.2143	-55.396	-58.1053	-63.8321	-62.5727	dBm,Throughput:	21.0626	9.23641	8.09159	3.37048	0	41.7611	Mbps
( 6, 1 )	RSSI:	-46.2825	-60.9524	-43.7974	-58.5981	-60.2589	-62.3319	dBm,Throughput:	3.86317	18.9578	7.83614	7.94924	1.84938	40.4557	Mbps
( 6, 2 )	RSSI:	-40.2337	-60.1202	-36.6818	-57.9707	-60.4952	-62.3443	dBm,Throughput:	9.97848	13.3357	6.31614	8.85297	3.36552	41.8488	Mbps
( 6, 3 )	RSSI:	9.57617	-58.8859	13.3992	-57.2594	-60.7963	-61.8875	dBm,Throughput:	10.9716	11.9217	10.9263	6.656	1.61821	42.0938	Mbps
( 6, 4 )	RSSI:	10.7914	-57.3326	13.6081	-56.5553	-61.125	-61.7168	dBm,Throughput:	6.76359	15.8483	12.9688	6.90737	0	42.4881	Mbps
( 6, 5 )	RSSI:	-43.3491	-55.8297	-40.0625	-56.0655	-61.3377	-61.7751	dBm,Throughput:	7.632	13.8703	11.0571	6.3509	3.32579	42.2361	Mbps
( 6, 6 )	RSSI:	-48.3024	-53.987	-45.9843	-55.7316	-61.7474	-61.9386	dBm,Throughput:	10.5412	15.4692	10.016	3.53986	2.64166	42.208	Mbps
( 6, 7 )	RSSI:	-51.2096	-51.9223	-50.1836	-55.7479	-62.1183	-61.8136	dBm,Throughput:	12.2731	10.3233	9.52166	6.24497	3.73848	42.1015	Mbps
( 6, 8 )	RSSI:	-51.2897	-49.8164	-53.0385	-56.038	-62.6499	-62.0314	dBm,Throughput:	12.4154	12.9145	8.20745	6.2891	1.94097	41.7674	Mbps
( 6, 9 )	RSSI:	-50.4413	-48.094	-55.4544	-56.4677	-62.8329	-62.1645	dBm,Throughput:	15.3777	7.8229	5.58897	7.03448	5.48966	41.3137	Mbps
( 7, 1 )	RSSI:	-48.8734	-61.5362	-45.2171	-57.9358	-59.237	-61.9052	dBm,Throughput:	8.58207	11.1272	7.78869	10.1981	2.93848	40.6345	Mbps
( 7, 2 )	RSSI:	-43.1149	-60.6026	-39.6451	-56.9457	-59.3891	-61.8122	dBm,Throughput:	7.02897	12.7923	7.57186	7.39807	7.0878	41.879	Mbps
( 7, 3 )	RSSI:	-36.729	-59.4825	-33.675	-55.9186	-59.7034	-61.4942	dBm,Throughput:	5.51007	16.3029	10.4557	6.56993	3.50729	42.3459	Mbps
( 7, 4 )	RSSI:	-39.1371	-58.2285	-35.8002	-55.031	-60.1707	-61.4056	dBm,Throughput:	8.74075	14.2369	9.69821	7.07684	2.26814	42.0209	Mbps
( 7, 5 )	RSSI:	-44.9272	-56.8577	-41.9742	-54.2364	-60.6534	-61.3524	dBm,Throughput:	9.04055	14.3012	10.1429	7.24855	1.65848	42.3917	Mbps
( 7, 6 )	RSSI:	-50.1508	-55.4899	-47.0222	-53.6876	-61.0279	-61.0635	dBm,Throughput:	11.3495	6.71503	15.2679	6.24772	2.4469	42.027	Mbps
( 7, 7 )	RSSI:	-51.4046	-53.9073	-50.4288	-53.8207	-61.6703	-61.6609	dBm,Throughput:	11.5526	15.5233	6.94676	4.48497	3.92221	42.4298	Mbps
( 7, 8 )	RSSI:	-52.7846	-52.6543	-53.35	-54.1519	-61.9175	-61.313	dBm,Throughput:	10.8822	9.26841	10.2146	6.37628	5.20717	41.9487	Mbps
( 7, 9 )	RSSI:	-53.0349	-51.6775	-55.5111	-54.6203	-62.1069	-60.9121	dBm,Throughput:	7.78703	9.33959	18.9473	3.47586	2.11476	41.6646	Mbps
( 8, 1 )	RSSI:	-50.5755	-61.8414	-47.6926	-56.9885	-57.8401	-61.4572	dBm,Throughput:	5.54814	12.7233	9.65076	10.3023	4.05848	42.283	Mbps
( 8, 2 )	RSSI:	-48.1083	-61.1865	-44.5799	-55.9023	-58.069	-61.1225	dBm,Throughput:	5.83007	10.9148	9.10069	10.0055	5.01131	40.8623	Mbps
( 8, 3 )	RSSI:	-45.0075	-60.1041	-42.3115	-54.5075	-58.6438	-61.1569	dBm,Throughput:	5.93269	16.3586	9.86979	7.73297	2.50434	42.3984	Mbps
( 8, 4 )	RSSI:	-45.0222	-59.1115	-42.805	-53.2301	-59.2802	-61.2174	dBm,Throughput:	6.19972	19.5559	6.03476	7.30262	3.11007	42.203	Mbps
( 8, 5 )	RSSI:	-48.0812	-58.0974	-45.6931	-51.9789	-59.8766	-60.8185	dBm,Throughput:	8.3029	14.3332	10.2748	6.18593	3.74209	42.8389	Mbps
( 8, 6 )	RSSI:	-50.2737	-57.1036	-48.8852	-51.0829	-60.3776	-60.6053	dBm,Throughput:	5.15476	13.6541	11.3313	5.71862	6.75366	42.6124	Mbps
( 8, 7 )	RSSI:	-51.5814	-55.9011	-51.7382	-50.9676	-60.9003	-60.4559	dBm,Throughput:	8.36634	9.52828	14.0309	6.19972	4.4149	42.5401	Mbps
( 8, 8 )	RSSI:	-52.6202	-54.9449	-54.1091	-51.751	-61.5031	-60.6201	dBm,Throughput:	10.837	8.12138	12.7868	6.67531	3.97407	42.3945	Mbps
( 8, 9 )	RSSI:	-52.9545	-54.312	-55.9633	-52.64	-61.7218	-60.2535	dBm,Throughput:	7.01352	7.78262	20.8303	2.88497	3.32745	41.8389	Mbps
( 9, 1 )	RSSI:	-52.2018	-62.1703	-50.3633	-56.3212	-56.1448	-61.0336	dBm,Throughput:	4.63213	14.1335	9.68583	12.405	1.45876	42.3152	Mbps
( 9, 2 )	RSSI:	-50.584	-61.5672	-48.4757	-54.8237	-56.6393	-60.7333	dBm,Throughput:	5.65793	13.8084	10.3713	8.768	3.23972	41.8453	Mbps
( 9, 3 )	RSSI:	-50.0918	-60.9677	-47.524	-52.8669	-57.199	-60.2986	dBm,Throughput:	4.46897	10.1611	10.2665	10.4055	7.25738	42.5594	Mbps
( 9, 4 )	RSSI:	-49.5118	-60.1323	-47.7932	-50.7667	-57.9535	-59.7615	dBm,Throughput:	3.99448	8.95834	18.5561	8.13352	2.56883	42.2113	Mbps
( 9, 5 )	RSSI:	-49.538	-59.3023	-49.2544	-49.0052	-58.8167	-59.9545	dBm,Throughput:	5.29766	12.2549	11.7065	8.69848	4.57379	42.5313	Mbps
( 9, 6 )	RSSI:	-49.6052	-58.4124	-51.2307	-47.6233	-59.5544	-59.677	dBm,Throughput:	5.19779	9.61103	13.0654	8.66224	5.75724	42.2937	Mbps
( 9, 7 )	RSSI:	-49.5629	-57.5964	-53.304	-47.4265	-60.2969	-59.6216	dBm,Throughput:	7.46317	7.21379	15.2612	8.16883	4.46124	42.5683	Mbps
( 9, 8 )	RSSI:	-50.687	-56.9085	-55.0618	-48.5494	-60.9018	-59.7788	dBm,Throughput:	5.41683	11.3986	15.0069	5.18234	5.52662	42.5313	Mbps
( 9, 9 )	RSSI:	-51.7928	-56.4987	-56.7336	-50.2203	-61.3773	-59.654	dBm,Throughput:	6.74924	4.70455	20.5302	5.22428	4.53738	41.7457	Mbps
( 10, 1 )	RSSI:	-53.2834	-63.2312	-53.0806	-55.6458	-53.7362	-60.2806	dBm,Throughput:	3.35228	6.85572	6.48276	21.8521	3.60828	42.1512	Mbps
( 10, 2 )	RSSI:	-52.508	-62.2754	-51.6999	-53.7932	-54.6274	-60.0013	dBm,Throughput:	6.12855	10.3332	8.81269	13.4185	3.83117	42.5241	Mbps
( 10, 3 )	RSSI:	-50.9815	-61.5073	-51.0225	-51.3175	-55.7035	-59.5566	dBm,Throughput:	2.24	14.368	13.072	9.90069	3.35117	42.9319	Mbps
( 10, 4 )	RSSI:	-50.3292	-60.9203	-51.3524	-48.666	-56.706	-59.1936	dBm,Throughput:	5.17959	9.17517	9.6949	12.3128	6.07007	42.4326	Mbps
( 10, 5 )	RSSI:	-48.1035	-60.2525	-52.1373	-45.3096	-57.7853	-58.8731	dBm,Throughput:	4.14014	10.0552	12.629	9.24579	6.87117	42.9412	Mbps
( 10, 6 )	RSSI:	-45.6748	-59.6619	-53.4906	-42.6737	-58.7617	-58.7698	dBm,Throughput:	6.03641	8.53628	14.0679	8.12248	5.94924	42.7123	Mbps
( 10, 7 )	RSSI:	-46.6754	-59.0608	-54.9261	-42.5691	-59.6357	-58.8357	dBm,Throughput:	6.12524	9.04055	8.62731	8.784	10.0899	42.667	Mbps
( 10, 8 )	RSSI:	-48.243	-58.4711	-56.2989	-44.815	-60.6442	-58.9558	dBm,Throughput:	8.77959	8.06841	11.8847	9.08303	4.41876	42.2345	Mbps
( 10, 9 )	RSSI:	-50.8281	-58.2465	-57.5756	-47.8778	-61.0931	-59.1081	dBm,Throughput:	7.37214	7.04497	12.6781	8.01655	7.17462	42.2863	Mbps
( 11, 1 )	RSSI:	-52.5652	-63.378	-55.0538	-54.9525	-51.4017	-59.4709	dBm,Throughput:	1.56469	7.77112	12.1501	13.0361	8.02317	42.5452	Mbps
( 11, 2 )	RSSI:	-52.1342	-62.7569	-54.2754	-52.9847	-52.4124	-59.0901	dBm,Throughput:	2.90475	10.5914	11.344	13.3981	4.4491	42.6874	Mbps
( 11, 3 )	RSSI:	-51.2811	-62.4761	-53.976	-50.1072	-53.7144	-58.5403	dBm,Throughput:	4.12028	7.46993	12.229	13.6971	5.0709	42.5872	Mbps
( 11, 4 )	RSSI:	-48.201	-61.8172	-54.039	-46.2897	-55.1376	-57.9199	dBm,Throughput:	2.84028	6.43925	16.5855	12.2356	4.55338	42.6539	Mbps
( 11, 5 )	RSSI:	-44.1496	-61.319	-54.6036	-41.3771	-56.5595	-57.6294	dBm,Throughput:	2.32497	5.424	16.0745	15.0284	3.51283	42.3647	Mbps
( 11, 6 )	RSSI:	-39.9039	-60.5303	-55.2223	-35.3955	-58.1223	-57.7108	dBm,Throughput:	5.08303	14.6334	9.1355	6.42207	7.408	42.682	Mbps
( 11, 7 )	RSSI:	-36.8156	-60.2661	-56.3589	-34.0069	-58.9981	-57.3631	dBm,Throughput:	3.05159	7.20717	17.8157	8.05352	6.65545	42.7834	Mbps
( 11, 8 )	RSSI:	-43.8612	-59.9834	-57.5198	-40.2745	-59.9531	-57.6338	dBm,Throughput:	6.50593	5.59834	12.8643	6.6091	10.8623	42.44	Mbps
( 11, 9 )	RSSI:	-48.0084	-59.787	-58.4427	-45.47	-60.6825	-57.8358	dBm,Throughput:	4.60138	5.63972	16.5903	6.15559	9.33462	42.3217	Mbps
( 12, 1 )	RSSI:	-49.6761	-63.9416	-56.8816	-54.935	-47.9556	-58.906	dBm,Throughput:	2.59586	6.34924	7.71586	18.5622	6.96772	42.1909	Mbps
( 12, 2 )	RSSI:	-50.9571	-63.3116	-56.2807	-52.6904	-49.6806	-58.1333	dBm,Throughput:	0.905655	9.43559	10.6372	13.0521	8.75641	42.787	Mbps
( 12, 3 )	RSSI:	-51.025	-62.9051	-56.0554	-49.7851	-51.7564	-57.5228	dBm,Throughput:	3.06146	10.5175	7.8293	13.8251	7.26124	42.4946	Mbps
( 12, 4 )	RSSI:	-48.2318	-62.5825	-56.1235	-45.5701	-53.7531	-56.7109	dBm,Throughput:	2.52469	7.37545	12.2372	12.5964	8.11586	42.8497	Mbps
( 12, 5 )	RSSI:	-42.7845	-62.0638	-56.4416	-39.3539	-55.657	-56.1802	dBm,Throughput:	4.60579	6.61848	13.152	11.1288	7.32579	42.8309	Mbps
( 12, 6 )	RSSI:	9.30463	-61.8703	-57.1484	13.4177	-57.0805	-55.7612	dBm,Throughput:	3.59007	4.35476	11.3931	12.8055	10.8143	42.9578	Mbps
( 12, 7 )	RSSI:	9.09948	-61.3251	-57.7975	13.3332	-58.4831	-55.987	dBm,Throughput:	4.67145	7.96469	10.4039	12.6543	6.79779	42.4921	Mbps
( 12, 8 )	RSSI:	-41.6642	-60.947	-58.4932	-37.7108	-59.6129	-56.1314	dBm,Throughput:	4.77959	10.7807	10.4094	5.96524	10.3846	42.3194	Mbps
( 12, 9 )	RSSI:	-48.3086	-60.8347	-59.2252	-44.6442	-60.4138	-56.6708	dBm,Throughput:	4.49766	9.32359	11.1426	6.91255	10.6201	42.4966	Mbps
( 13, 1 )	RSSI:	-46.1242	-64.0938	-58.2549	-55.1321	-43.4762	-58.1497	dBm,Throughput:	2.71724	8.26869	7.65076	16.3956	7.456	42.4883	Mbps
( 13, 2 )	RSSI:	-48.9829	-63.9531	-57.8988	-52.8437	-46.6663	-56.9815	dBm,Throughput:	1.92938	5.16793	13.5691	12.5021	9.48359	42.6521	Mbps
( 13, 3 )	RSSI:	-49.3657	-63.6983	-57.8254	-50.2105	-49.4256	-56.1447	dBm,Throughput:	1.14648	6.00993	8.59366	21.8665	4.85241	42.469	Mbps
( 13, 4 )	RSSI:	-48.5622	-63.1961	-57.6631	-46.474	-52.4017	-55.2126	dBm,Throughput:	3.62593	5.48248	13.4549	13.0345	7.03503	42.6328	Mbps
( 13, 5 )	RSSI:	-43.6438	-62.7698	-57.8556	-41.2887	-54.7493	-54.3493	dBm,Throughput:	4.06676	5.9349	17.9349	7.91283	6.74924	42.5986	Mbps
( 13, 6 )	RSSI:	-39.399	-62.7046	-58.5225	-35.3417	-56.4248	-53.7902	dBm,Throughput:	3.11724	4.45241	10.8806	12.8999	11.3167	42.6668	Mbps
( 13, 7 )	RSSI:	-38.4393	-62.2473	-58.9011	-34.3269	-58.0329	-53.8854	dBm,Throughput:	5.37766	6.97324	9.43062	14.5148	5.57297	41.8692	Mbps
( 13, 8 )	RSSI:	-42.9126	-61.989	-59.3715	-40.1472	-59.2265	-54.1692	dBm,Throughput:	4.79503	5.84772	16.7531	6.57103	8.45793	42.4248	Mbps
( 13, 9 )	RSSI:	-49.2012	-61.9093	-60.0878	-45.7463	-60.3295	-54.9877	dBm,Throughput:	7.04441	6.6069	9.70317	7.12717	11.6083	42.0899	Mbps
( 14, 1 )	RSSI:	-39.3619	-64.8938	-59.5632	-55.5541	-37.3842	-57.227	dBm,Throughput:	1.03283	5.31421	5.4571	21.7865	8.66041	42.251	Mbps
( 14, 2 )	RSSI:	-45.9785	-64.4105	-59.1675	-53.649	-43.5316	-55.9714	dBm,Throughput:	2.31062	4.34538	11.2044	16.4055	8.30786	42.5738	Mbps
( 14, 3 )	RSSI:	-49.3675	-64.1318	-59.0863	-51.3153	-48.0513	-54.6148	dBm,Throughput:	1.47625	6.90759	10.3972	13.6695	10.2742	42.7248	Mbps
( 14, 4 )	RSSI:	-49.9512	-63.7119	-59.1204	-48.6278	-51.378	-53.2715	dBm,Throughput:	3.82345	7.10566	9.2491	14.7586	7.48966	42.4265	Mbps
( 14, 5 )	RSSI:	-48.6062	-63.7847	-59.4593	-45.6011	-53.9779	-51.8471	dBm,Throughput:	2.29407	4.05628	7.14593	13.5537	15.0874	42.1374	Mbps
( 14, 6 )	RSSI:	-45.6944	-63.1774	-59.4892	-42.8562	-56.101	-51.2561	dBm,Throughput:	2.73876	7.54814	12.2466	10.7454	9.20993	42.4888	Mbps
( 14, 7 )	RSSI:	-45.156	-63.0316	-59.8594	-42.3692	-57.7312	-51.096	dBm,Throughput:	2.0331	5.43851	14.1479	9.43503	11.3054	42.3599	Mbps
( 14, 8 )	RSSI:	-46.5227	-62.87	-60.1898	-44.5518	-58.9252	-51.7444	dBm,Throughput:	3.41241	3.40745	18.245	7.93397	8.61131	41.6101	Mbps
( 14, 9 )	RSSI:	-49.573	-62.6511	-60.6208	-47.7033	-59.9071	-52.9522	dBm,Throughput:	2.34628	5.56414	17.029	7.52166	8.56938	41.0304	Mbps
( 15, 1 )	RSSI:	10.7803	-64.9879	-60.353	-56.2253	13.5655	-56.4447	dBm,Throughput:	1.83117	4.84469	9.248	18.0138	8.01655	41.9542	Mbps
( 15, 2 )	RSSI:	-44.4764	-65.1487	-60.399	-54.6757	-42.0698	-54.7718	dBm,Throughput:	0.958897	3.30924	6.4309	18.2874	13.2298	42.2163	Mbps
( 15, 3 )	RSSI:	-49.1881	-64.4087	-60.1096	-52.7846	-47.4287	-52.9523	dBm,Throughput:	1.53324	5.00745	13.6563	11.8952	10.3095	42.4016	Mbps
( 15, 4 )	RSSI:	-50.1967	-64.2164	-60.1574	-50.9529	-50.9942	-50.9871	dBm,Throughput:	2.19255	6.88662	9.31476	12.7404	11.2931	42.4274	Mbps
( 15, 5 )	RSSI:	-49.2284	-63.9652	-60.3081	-48.9839	-53.8186	-48.99	dBm,Throughput:	1.83062	7.61269	11.0301	10.4502	11.6188	42.5423	Mbps
( 15, 6 )	RSSI:	-48.3831	-63.7276	-60.5312	-47.7362	-55.942	-47.6617	dBm,Throughput:	2.84966	7.35503	8.69848	9.48359	13.9283	42.315	Mbps
( 15, 7 )	RSSI:	-48.0596	-63.5661	-60.6801	-47.4803	-57.6006	-47.6382	dBm,Throughput:	3.65572	5.48248	14.5021	8.85076	9.968	42.459	Mbps
( 15, 8 )	RSSI:	-48.982	-63.6331	-61.118	-48.6413	-58.8336	-48.6277	dBm,Throughput:	1.98345	4.48772	11.5272	9.73683	14.6543	42.3895	Mbps
( 15, 9 )	RSSI:	-51.2556	-63.6024	-61.5287	-50.6256	-59.9634	-50.4794	dBm,Throughput:	4.51682	3.7589	7.99724	10.7051	15.0179	41.996	Mbps
( 16, 1 )	RSSI:	-39.6309	-65.5266	-61.2241	-56.958	-37.4594	-55.6623	dBm,Throughput:	1.41352	3.61159	7.42676	20.9319	8.80729	42.191	Mbps
( 16, 2 )	RSSI:	-45.9277	-64.8643	-61.2092	-55.7582	-43.4602	-53.8523	dBm,Throughput:	0.570483	8.90648	6.43145	17.0886	9.41903	42.416	Mbps
( 16, 3 )	RSSI:	-49.0016	-64.8928	-61.0456	-54.5241	-47.9041	-51.5141	dBm,Throughput:	1.01076	5.9509	8.21572	18.5457	8.83862	42.5617	Mbps
( 16, 4 )	RSSI:	-49.1854	-64.8529	-61.1984	-53.1375	-51.3589	-48.4204	dBm,Throughput:	1.38207	4.18417	8.47724	11.2817	16.6587	41.9838	Mbps
( 16, 5 )	RSSI:	-47.8241	-64.7379	-61.1806	-51.9189	-53.8022	-45.4275	dBm,Throughput:	1.61269	4.36083	8.4932	16.4899	11.7203	42.6769	Mbps
( 16, 6 )	RSSI:	-45.3022	-64.6119	-61.4187	-51.2282	-56.0611	-42.7805	dBm,Throughput:	1.05269	5.50731	7.73352	12.8513	15.3026	42.4474	Mbps
( 16, 7 )	RSSI:	-44.5146	-64.3906	-61.5311	-51.0154	-57.7138	-42.3201	dBm,Throughput:	1.81738	3.088	11.0886	8.28028	17.3964	41.6706	Mbps
( 16, 8 )	RSSI:	-48.1705	-63.9294	-61.412	-51.7119	-59.0437	-44.8281	dBm,Throughput:	3.91332	5.27117	13.6392	8.44579	10.1843	41.4537	Mbps
( 16, 9 )	RSSI:	-50.0559	-64.2536	-61.9013	-52.7679	-59.9778	-47.9072	dBm,Throughput:	3.04386	3.0411	10.704	9.583	14.6008	40.9728	Mbps
( 17, 1 )	RSSI:	-46.8766	-65.6227	-61.7915	-57.7194	-43.7129	-55.222	dBm,Throughput:	1.42124	3.91559	10.379	13.4599	12.2587	41.4344	Mbps
( 17, 2 )	RSSI:	-48.7635	-65.4121	-61.8615	-56.8089	-46.6503	-53.048	dBm,Throughput:	1.73407	4.42703	7.74621	15.4499	12.5385	41.8957	Mbps
( 17, 3 )	RSSI:	-49.7093	-65.4798	-61.8568	-55.9459	-49.4435	-50.336	dBm,Throughput:	2.47117	4.41766	4.13241	22.288	7.84938	41.1586	Mbps
( 17, 4 )	RSSI:	-49.015	-65.2452	-61.7663	-54.9425	-52.344	-46.5608	dBm,Throughput:	1.57076	5.29159	7.43007	16.1148	11.9332	42.3404	Mbps
( 17, 5 )	RSSI:	-44.2323	-65.073	-61.8449	-54.1876	-54.6756	-41.3302	dBm,Throughput:	2.40497	4.16927	8.1291	11.8136	15.285	41.8019	Mbps
( 17, 6 )	RSSI:	-38.3048	-64.7215	-61.8111	-53.6937	-56.4675	-35.1573	dBm,Throughput:	1.76166	6.34483	10.1142	8.61186	15.1034	41.936	Mbps
( 17, 7 )	RSSI:	-37.4077	-64.7436	-61.9397	-53.59	-58.0198	-34.1033	dBm,Throughput:	2.83034	3.24193	12.1997	8.2389	15.0814	41.5923	Mbps
( 17, 8 )	RSSI:	-44.0105	-64.6062	-62.0474	-54.08	-59.1545	-40.3349	dBm,Throughput:	2.3691	3.5989	12.1644	11.3528	12.0563	41.5415	Mbps
( 17, 9 )	RSSI:	-48.0563	-64.8533	-62.3642	-54.7007	-60.0615	-45.4639	dBm,Throughput:	2.32025	2.22179	11.5353	8.92193	16.7588	41.7581	Mbps
( 18, 1 )	RSSI:	-50.668	-65.947	-62.3339	-58.3807	-48.1038	-54.9258	dBm,Throughput:	1.16524	2.35972	10.3051	13.685	14.1374	41.6524	Mbps
( 18, 2 )	RSSI:	-51.3353	-65.5324	-62.2579	-57.7167	-49.752	-52.6955	dBm,Throughput:	1.37438	5.23862	9.2811	12.9672	12.2648	41.1261	Mbps
( 18, 3 )	RSSI:	-51.0808	-65.5252	-62.2523	-57.0614	-51.5997	-49.7565	dBm,Throughput:	1.09683	5.00248	8.98869	17.296	9.15586	41.5399	Mbps
( 18, 4 )	RSSI:	-47.8863	-65.4367	-62.3832	-56.4982	-53.7418	-45.4579	dBm,Throughput:	1.79366	3.8571	7.75724	12.4999	15.7297	41.6375	Mbps
( 18, 5 )	RSSI:	-42.945	-65.5591	-62.3586	-55.9789	-55.5107	-39.3952	dBm,Throughput:	2.05517	2.87503	8.00717	16.6356	12.0116	41.5846	Mbps
( 18, 6 )	RSSI:	9.80054	-65.4531	-62.5631	-55.7021	-56.9967	13.4565	dBm,Throughput:	0.923034	3.25297	6.17655	18.4817	13.0538	41.888	Mbps
( 18, 7 )	RSSI:	10.996	-65.3587	-62.5708	-55.567	-58.3353	13.6251	dBm,Throughput:	1.99945	2.55614	8.60028	9.45379	18.9528	41.5625	Mbps
( 18, 8 )	RSSI:	-40.6409	-65.0352	-62.5104	-55.7389	-59.4755	-37.5033	dBm,Throughput:	2.09655	3.61931	12.7371	6.68414	16.4844	41.6215	Mbps
( 18, 9 )	RSSI:	-47.2808	-64.9553	-62.5337	-56.215	-60.3141	-44.5181	dBm,Throughput:	1.92828	2.72441	14.3779	5.90644	16.2654	41.2024	Mbps
( 19, 1 )	RSSI:	-53.5383	-66.1457	-62.8499	-58.9864	-51.4991	-55.1318	dBm,Throughput:	1.13655	3.75007	8.83862	11.3992	15.7683	40.8927	Mbps
( 19, 2 )	RSSI:	-52.6776	-66.1877	-62.809	-58.547	-52.3402	-53.0001	dBm,Throughput:	1.11779	2.82317	7.09848	17.6634	12.4563	41.1592	Mbps
( 19, 3 )	RSSI:	-51.8447	-65.9029	-62.7525	-57.9875	-53.786	-50.2161	dBm,Throughput:	1.19338	3.52938	8.04028	13.3854	15.2966	41.445	Mbps
( 19, 4 )	RSSI:	-49.8336	-65.5288	-62.5357	-57.6701	-55.2478	-46.6303	dBm,Throughput:	1.47476	4.23503	11.5752	13.1255	10.5407	40.9512	Mbps
( 19, 5 )	RSSI:	-45.9531	-65.5417	-62.4166	-57.3067	-56.6184	-41.646	dBm,Throughput:	1.88745	3.43614	12.1953	14.8028	8.63945	40.9611	Mbps
( 19, 6 )	RSSI:	-37.8534	-65.8093	-62.8574	-57.0374	-57.8444	-35.0803	dBm,Throughput:	1.36828	2.16828	9.20166	11.4582	17.5735	41.7699	Mbps
( 19, 7 )	RSSI:	-37.3169	-65.6818	-62.7866	-57.0417	-58.9493	-34.1284	dBm,Throughput:	2.61517	1.6491	10.5887	10.5948	15.8571	41.3048	Mbps
( 19, 8 )	RSSI:	-42.6307	-65.5046	-63.1944	-57.1266	-59.7351	-40.0278	dBm,Throughput:	1.10345	3.38759	8.16607	9.93434	18.4557	41.0472	Mbps
( 19, 9 )	RSSI:	-46.9218	-65.7707	-63.5099	-57.3436	-60.4087	-45.2208	dBm,Throughput:	0.556138	2.18097	6.67807	6.82317	24.8039	41.0422	Mbps
( 20, 1 )	RSSI:	-54.282	-66.722	-63.463	-59.5046	-53.653	-55.6637	dBm,Throughput:	0.612966	1.74345	4.95559	21.9459	11.9117	41.1697	Mbps
( 20, 2 )	RSSI:	-54.3556	-66.3088	-63.2235	-59.1713	-54.4778	-53.7996	dBm,Throughput:	1.35393	2.98759	6.96993	16.6086	12.6874	40.6074	Mbps
( 20, 3 )	RSSI:	-52.8351	-66.3756	-63.3653	-58.8246	-55.5708	-51.321	dBm,Throughput:	1.29986	3.13931	3.65903	14.3663	18.299	40.7636	Mbps
( 20, 4 )	RSSI:	-51.3495	-65.9188	-63.043	-58.5848	-56.5967	-48.5496	dBm,Throughput:	1.00579	3.29103	8.6891	14.1363	13.8665	40.9887	Mbps
( 20, 5 )	RSSI:	-47.4332	-66.2537	-63.456	-58.1886	-57.5958	-45.2764	dBm,Throughput:	1.05324	2.66869	6.29076	11.6182	19.307	40.9379	Mbps
( 20, 6 )	RSSI:	-45.315	-65.961	-63.2704	-58.172	-58.6177	-42.661	dBm,Throughput:	1.02786	2.55779	8.6069	11.3749	17.2193	40.7868	Mbps
( 20, 7 )	RSSI:	-46.0094	-65.8498	-62.9508	-58.2094	-59.6571	-42.5546	dBm,Throughput:	3.47697	2.75531	10.2764	10.3222	12.9821	39.813	Mbps
( 20, 8 )	RSSI:	-47.1685	-66.1455	-63.2291	-58.2724	-60.2551	-44.5685	dBm,Throughput:	2.03421	2.49029	9.70703	7.93434	18.1479	40.3137	Mbps
( 20, 9 )	RSSI:	-51.3445	-65.6362	-63.1495	-58.5078	-60.9697	-48.0168	dBm,Throughput:	1.5878	3.31862	10.7068	11.0279	12.8497	39.4907	Mbps
( 21, 1 )	RSSI:	-56.4844	-66.3204	-63.6265	-59.87	-55.8805	-56.296	dBm,Throughput:	0.270345	3.76607	5.87972	18.3619	12.5931	40.8712	Mbps
( 21, 2 )	RSSI:	-55.8039	-66.6588	-63.5427	-59.6917	-56.3125	-54.7896	dBm,Throughput:	0.336238	2.38014	5.19393	19.6364	12.9644	40.5111	Mbps
( 21, 3 )	RSSI:	-54.3296	-66.5129	-63.7283	-59.2917	-57.0565	-52.7631	dBm,Throughput:	0.752	2.96363	4.47172	13.563	19.0251	40.7755	Mbps
( 21, 4 )	RSSI:	-53.8108	-66.3875	-63.2739	-59.3368	-57.7598	-51.0219	dBm,Throughput:	1.15697	2.27752	7.89848	15.9332	12.8817	40.1479	Mbps
( 21, 5 )	RSSI:	-51.8885	-65.9931	-63.2752	-59.1463	-58.6837	-48.9709	dBm,Throughput:	1.38703	3.02179	8.78731	10.6433	16.2052	40.0447	Mbps
( 21, 6 )	RSSI:	-50.9707	-66.3944	-63.3433	-59.1024	-59.4324	-47.5974	dBm,Throughput:	2.29793	1.52552	9.06648	13.4212	13.3374	39.6486	Mbps
( 21, 7 )	RSSI:	-49.8317	-66.1525	-63.5609	-58.855	-60.0284	-47.3162	dBm,Throughput:	1.15697	2.97324	7.98676	8.5589	19.6888	40.3647	Mbps
( 21, 8 )	RSSI:	-50.7202	-66.0876	-63.8591	-58.9427	-60.6579	-48.484	dBm,Throughput:	0.648523	3.33517	5.86428	9.77324	20.8596	40.4808	Mbps
( 21, 9 )	RSSI:	-52.8921	-66.1043	-63.6667	-59.1048	-61.2193	-50.467	dBm,Throughput:	0.855724	2.82759	7.18122	10.0568	19.2017	40.123	Mbps
