AP location	AP	Sta1	Sta2	Sta3	Sta4	Sta5										Sta1		Sta2		Sta3	Sta4	Sta5	 Total
( 1, 1 )	RSSI:	-2.9491	10.5464	15.2208	12.4088	-60.7113	-54.6067	-61.6922	-63.5307	-64.2867	dBm,Throughput:	6.66498	8.82762	8.28973	3.46097	5.57259	32.8159	Mbps
( 1, 2 )	RSSI:	-2.77504	10.7842	15.12	12.5672	-59.6516	-53.9652	-61.6221	-63.9179	-64.409	dBm,Throughput:	7.6836	10.0534	4.94433	7.11681	3.21876	33.0169	Mbps
( 1, 3 )	RSSI:	-2.72398	10.7708	15.023	12.5875	-58.3965	-53.6409	-61.3226	-63.7223	-64.6824	dBm,Throughput:	9.64399	7.375	5.13244	3.76588	6.50637	32.4237	Mbps
( 1, 4 )	RSSI:	-2.84272	10.8229	15.1847	12.6396	-56.927	-53.7256	-61.3277	-63.7158	-63.9038	dBm,Throughput:	6.54941	6.67481	9.24995	5.95434	4.33574	32.7642	Mbps
( 1, 5 )	RSSI:	-2.89878	10.7191	15.1708	12.6616	-54.9168	-54.1716	-61.1192	-63.8862	-64.2488	dBm,Throughput:	8.33337	9.59112	7.68114	2.39133	4.95785	32.9548	Mbps
( 1, 6 )	RSSI:	14.9089	7.20061	8.9772	5.62506	-57.6099	-56.9528	-61.3112	-64.6156	-62.5978	dBm,Throughput:	11.9997	6.94038	7.46106	9.01573	9.26777	44.6846	Mbps
( 1, 7 )	RSSI:	14.8815	7.38869	8.98594	5.84348	-55.1663	-57.2688	-61.3244	-64.6824	-62.6713	dBm,Throughput:	11.9997	7.56126	7.84035	6.92071	8.06412	42.3861	Mbps
( 1, 8 )	RSSI:	14.1183	8.53788	10.5023	7.54147	-50.8355	-57.0806	-61.1062	-64.3592	-64.0884	dBm,Throughput:	11.9997	11.9376	15.6991	7.3584	9.38457	56.3794	Mbps
( 1, 9 )	RSSI:	14.1183	8.65946	10.4387	7.79188	-47.9139	-57.41	-61.1972	-64.3524	-63.8301	dBm,Throughput:	11.9997	11.9376	13.0625	11.6099	7.82744	56.4371	Mbps
( 2, 1 )	RSSI:	-2.64147	10.8893	15.0515	12.6826	-60.7722	-52.7359	-61.2265	-63.1357	-63.9809	dBm,Throughput:	3.78309	6.55371	7.66208	6.74735	7.52622	32.2725	Mbps
( 2, 2 )	RSSI:	-2.86574	10.4653	15.1134	12.465	-59.3682	-51.6169	-61.1263	-63.2819	-64.3758	dBm,Throughput:	7.65101	12.4558	5.51603	3.62387	4.01976	33.2665	Mbps
( 2, 3 )	RSSI:	-3.01879	10.3719	15.1027	12.3226	-58.0767	-51.0903	-61.0314	-63.3407	-64.0383	dBm,Throughput:	9.10118	7.4918	8.35059	3.44253	4.86503	33.2511	Mbps
( 2, 4 )	RSSI:	-3.10481	10.4327	15.2067	12.3707	-56.2848	-51.1936	-60.7742	-63.7015	-64.2837	dBm,Throughput:	9.85423	8.85037	5.70168	5.1349	3.82735	33.3685	Mbps
( 2, 5 )	RSSI:	-2.82392	10.7292	15.0834	12.4773	-54.3817	-52.0132	-60.5548	-63.7858	-64.2264	dBm,Throughput:	6.9078	8.31739	4.07939	7.59384	5.98815	32.8866	Mbps
( 2, 6 )	RSSI:	-2.83467	10.7586	15.0613	12.6035	-51.7191	-53.138	-60.5822	-63.8232	-63.8958	dBm,Throughput:	7.26619	9.95628	8.31247	4.94617	2.49952	32.9806	Mbps
( 2, 7 )	RSSI:	-2.95932	10.7389	15.0964	12.6468	-48.2234	-54.5338	-60.6347	-63.9794	-63.9037	dBm,Throughput:	10.472	6.31704	8.54546	3.37245	4.30193	33.0089	Mbps
( 2, 8 )	RSSI:	14.8817	7.34217	8.96966	5.77396	-49.4522	-57.2163	-61.2006	-64.7463	-62.6195	dBm,Throughput:	11.9997	10.9835	8.85959	8.10592	5.08818	45.0369	Mbps
( 2, 9 )	RSSI:	14.1323	8.83767	10.3697	7.76325	-42.0846	-57.1011	-60.898	-64.1402	-63.8051	dBm,Throughput:	11.9997	11.9376	9.26101	11.5571	11.0892	55.8445	Mbps
( 3, 1 )	RSSI:	-3.03322	10.462	15.0949	12.3199	-60.4741	-50.422	-61.0171	-62.7969	-63.7978	dBm,Throughput:	9.35015	6.86907	9.47125	5.03838	2.73189	33.4607	Mbps
( 3, 2 )	RSSI:	-2.92127	10.5919	15.1227	12.3545	-59.4607	-48.7065	-60.5237	-62.8226	-63.6653	dBm,Throughput:	5.96664	5.26584	8.59832	8.84975	4.5927	33.2732	Mbps
( 3, 3 )	RSSI:	-2.74713	10.7127	15.099	12.5003	-57.9806	-47.578	-60.2804	-62.9971	-63.9313	dBm,Throughput:	7.30738	6.86784	5.86889	6.43445	6.57953	33.0581	Mbps
( 3, 4 )	RSSI:	-3.00019	10.4495	15.1642	12.3258	-56.1293	-47.8315	-60.0631	-63.2838	-63.9324	dBm,Throughput:	10.3792	9.19831	5.6439	4.12488	4.03698	33.3833	Mbps
( 3, 5 )	RSSI:	-3.0357	10.5461	15.1055	12.506	-54.0269	-49.3594	-59.9155	-63.3691	-63.8505	dBm,Throughput:	9.49707	6.31458	6.03795	6.71539	4.7513	33.3163	Mbps
( 3, 6 )	RSSI:	-2.65454	10.7752	15.1172	12.5687	-51.2492	-51.1577	-59.8081	-63.5625	-63.9726	dBm,Throughput:	9.57821	7.08607	6.23651	4.16792	6.12278	33.1915	Mbps
( 3, 7 )	RSSI:	-2.98371	10.5847	15.1265	12.5157	-47.6136	-53.0537	-59.8022	-63.6427	-63.4943	dBm,Throughput:	7.15554	6.63117	9.27884	6.19839	4.05173	33.3157	Mbps
( 3, 8 )	RSSI:	-2.86103	10.8223	15.0759	12.5725	-42.3795	-54.6451	-60.1623	-64.0495	-63.2052	dBm,Throughput:	7.2668	9.62063	11.7329	4.38061	0	33.0009	Mbps
( 3, 9 )	RSSI:	-2.7179	10.7396	15.4782	13.5002	13.3217	-56.2064	-59.9929	-63.9945	-63.869	dBm,Throughput:	7.7254	7.78441	6.13753	4.54291	4.93019	31.1204	Mbps
( 4, 1 )	RSSI:	-2.98364	10.532	15.1672	12.3893	-60.5464	-47.6872	-60.3429	-62.2434	-63.8899	dBm,Throughput:	6.09757	10.0233	5.60087	7.2459	4.37877	33.3464	Mbps
( 4, 2 )	RSSI:	-3.01923	10.507	15.1175	12.4043	-59.426	-44.5325	-59.8906	-62.2942	-63.619	dBm,Throughput:	6.12278	9.55117	7.61475	5.11215	5.19207	33.5929	Mbps
( 4, 3 )	RSSI:	-3.0124	10.5127	15.18	12.4101	-58.0732	-42.5547	-59.5273	-62.3273	-63.4196	dBm,Throughput:	8.11453	6.35576	8.19506	5.12752	5.70599	33.4989	Mbps
( 4, 4 )	RSSI:	-3.01917	10.4619	15.1786	12.4358	-56.3167	-43.1898	-59.2904	-62.6641	-63.5925	dBm,Throughput:	10.0294	5.88057	6.65453	6.0318	4.74946	33.3458	Mbps
( 4, 5 )	RSSI:	-2.9583	10.6653	15.1593	12.4636	-54.3733	-45.8958	-58.8912	-62.7399	-62.938	dBm,Throughput:	3.87715	6.57523	9.04032	9.52904	4.18083	33.2026	Mbps
( 4, 6 )	RSSI:	-2.85126	10.698	15.1711	12.5358	-51.8068	-48.824	-58.6957	-62.8481	-63.2601	dBm,Throughput:	2.91139	11.123	7.54774	4.63696	5.45149	31.6706	Mbps
( 4, 7 )	RSSI:	-2.70907	10.7932	15.0459	12.594	-48.3864	-51.6764	-58.7201	-63.1212	-63.5733	dBm,Throughput:	7.67806	6.24696	6.1486	3.65031	9.29482	33.0187	Mbps
( 4, 8 )	RSSI:	-2.909	10.6947	15.0725	12.5666	-43.7999	-53.9274	-58.8813	-63.5408	-63.5834	dBm,Throughput:	8.68685	6.26786	7.23361	3.64846	7.11681	32.9536	Mbps
( 4, 9 )	RSSI:	-2.77311	10.8638	15.1135	12.5906	-37.8902	-55.5408	-59.1264	-63.7254	-63.564	dBm,Throughput:	7.9381	8.05059	7.07685	3.12102	5.26707	31.4536	Mbps
( 5, 1 )	RSSI:	-2.88925	10.4687	15.1334	12.3959	-60.7413	-45.2672	-59.8186	-61.5168	-63.3438	dBm,Throughput:	6.73137	7.46475	8.4723	6.282	4.43717	33.3876	Mbps
( 5, 2 )	RSSI:	-2.85883	10.6478	15.2094	12.5164	-59.5949	-39.8524	-59.201	-61.6748	-63.4019	dBm,Throughput:	9.57207	6.97603	7.32275	5.40477	4.13595	33.4116	Mbps
( 5, 3 )	RSSI:	-2.98042	10.4863	15.1997	12.3979	-58.3243	-33.8716	-58.5069	-61.6952	-63.5786	dBm,Throughput:	6.80883	8.59832	6.41601	2.15711	9.38027	33.3605	Mbps
( 5, 4 )	RSSI:	-3.02614	10.4102	15.2511	12.3969	-56.7815	-35.8973	-58.1574	-62.0571	-63.3727	dBm,Throughput:	7.77765	8.47845	4.72056	6.65145	5.78836	33.4165	Mbps
( 5, 5 )	RSSI:	-3.00487	10.5774	15.1699	12.4077	-54.8121	-42.2111	-57.804	-62.3074	-63.3081	dBm,Throughput:	10.5022	5.73488	6.04717	4.088	7.02091	33.3931	Mbps
( 5, 6 )	RSSI:	-2.6342	10.7038	15.0345	12.5724	-52.6853	-47.0236	-57.559	-62.7167	-62.9554	dBm,Throughput:	7.38791	6.10864	6.62809	8.12559	3.48064	31.7309	Mbps
( 5, 7 )	RSSI:	-2.97794	10.6514	15.0989	12.4367	-50.003	-50.5359	-57.5313	-62.8559	-63.0738	dBm,Throughput:	8.51226	6.72092	6.73198	5.98815	5.1349	33.0882	Mbps
( 5, 8 )	RSSI:	-3.07413	10.4734	15.2259	12.5406	-46.824	-53.1519	-57.7735	-63.2011	-62.8496	dBm,Throughput:	9.44482	5.40046	10.9884	4.72979	2.60956	33.173	Mbps
( 5, 9 )	RSSI:	-2.86586	10.7828	15.0651	12.6713	-43.7693	-55.1511	-58.2146	-63.5901	-63.2004	dBm,Throughput:	11.4243	4.19558	7.3916	4.18513	3.91219	31.1088	Mbps
( 6, 1 )	RSSI:	-2.90122	10.5916	15.1549	12.4838	-60.9187	-44.1498	-59.0257	-60.6193	-63.0192	dBm,Throughput:	8.12621	7.6295	8.91676	4.68552	4.02899	33.387	Mbps
( 6, 2 )	RSSI:	-2.81504	10.6521	15.1796	12.5596	-59.7971	-36.7376	-58.4476	-60.9514	-62.77	dBm,Throughput:	8.43173	8.6057	9.14667	7.23238	0	33.4165	Mbps
( 6, 3 )	RSSI:	-3.01645	10.5233	15.6856	13.5086	-58.8521	13.3238	-57.534	-60.9888	-62.7059	dBm,Throughput:	6.3865	9.13745	7.96945	5.99491	3.9878	33.4761	Mbps
( 6, 4 )	RSSI:	-2.98488	10.5225	15.5185	13.1867	-57.6181	13.1978	-56.8001	-61.2699	-62.5165	dBm,Throughput:	5.63529	5.61747	6.75288	9.17187	6.09512	33.2726	Mbps
( 6, 5 )	RSSI:	-3.03122	10.6182	15.1681	12.4658	-55.8454	-40.2595	-56.2715	-61.7257	-62.4792	dBm,Throughput:	7.69773	6.6533	8.49689	7.11251	3.10012	33.0605	Mbps
( 6, 6 )	RSSI:	-2.96998	10.6252	15.2167	12.514	-54.0037	-46.2056	-55.9779	-62.1214	-62.5146	dBm,Throughput:	9.28499	5.50989	7.38422	5.24002	5.57628	32.9954	Mbps
( 6, 7 )	RSSI:	-3.14245	10.4806	15.089	12.4778	-52.0057	-50.1082	-55.8965	-62.3544	-62.4729	dBm,Throughput:	6.03241	8.20551	10.7247	4.01853	4.18144	33.1626	Mbps
( 6, 8 )	RSSI:	-2.85897	10.8266	15.2206	12.7354	-49.9852	-52.7236	-56.1387	-62.8204	-62.841	dBm,Throughput:	7.34979	11.2509	8.25653	1.52024	3.20585	31.5833	Mbps
( 6, 9 )	RSSI:	-3.13838	10.6471	15.0956	12.5236	-48.3122	-54.9953	-56.7296	-63.1764	-62.5377	dBm,Throughput:	8.43603	5.90578	10.2206	4.60807	3.75727	32.9278	Mbps
( 7, 1 )	RSSI:	-3.04248	10.5914	15.1158	12.4925	-61.3144	-45.3446	-58.2882	-59.4928	-62.7478	dBm,Throughput:	8.86082	5.09617	6.38097	8.73111	4.41811	33.4872	Mbps
( 7, 2 )	RSSI:	-3.19014	10.5716	15.1668	12.3928	-60.4238	-39.7472	-57.1335	-59.6702	-62.6968	dBm,Throughput:	5.43981	9.71899	5.91377	6.61334	5.7398	33.4257	Mbps
( 7, 3 )	RSSI:	-3.06324	10.5011	15.1716	12.3961	-59.3765	-33.8508	-56.1856	-60.1107	-62.4311	dBm,Throughput:	9.36982	7.58093	7.29508	6.24573	2.92492	33.4165	Mbps
( 7, 4 )	RSSI:	-3.01137	10.5413	15.1739	12.4182	-58.2603	-35.9722	-55.2446	-60.5071	-62.2655	dBm,Throughput:	6.91517	8.62537	6.18241	5.82217	5.71521	33.2603	Mbps
( 7, 5 )	RSSI:	-2.94196	10.7112	15.2159	12.5641	-56.8579	-42.0553	-54.472	-61.0697	-62.3679	dBm,Throughput:	8.11391	8.38685	5.50128	4.87671	4.58963	31.4684	Mbps
( 7, 6 )	RSSI:	-3.07617	10.6958	15.2052	12.5132	-55.4363	-47.0275	-53.9712	-61.5215	-62.0527	dBm,Throughput:	9.31449	7.05964	7.24344	5.71459	3.92571	33.2579	Mbps
( 7, 7 )	RSSI:	-3.04772	10.6504	15.1802	12.4951	-53.9428	-50.496	-53.938	-62.0181	-62.1728	dBm,Throughput:	9.29667	7.39098	6.15106	5.05805	5.19207	33.0888	Mbps
( 7, 8 )	RSSI:	-3.18975	10.6581	15.0814	12.5874	-52.6433	-53.1769	-54.3009	-62.3329	-62.0641	dBm,Throughput:	6.99079	7.5545	7.05718	5.18592	6.25433	33.0427	Mbps
( 7, 9 )	RSSI:	-2.9261	10.9869	15.0043	12.6746	-51.6329	-55.1015	-55.1341	-62.8154	-62.2787	dBm,Throughput:	7.57048	6.5783	5.94266	4.3843	4.65971	29.1355	Mbps
( 8, 1 )	RSSI:	-3.05245	10.5063	15.2212	12.3651	-61.5444	-47.6898	-57.3208	-58.0879	-62.1127	dBm,Throughput:	5.71213	8.92782	9.73067	5.03715	3.81321	33.221	Mbps
( 8, 2 )	RSSI:	-3.09455	10.723	15.1525	12.5352	-60.8596	-44.6833	-56.0516	-58.5306	-61.8403	dBm,Throughput:	9.80628	5.85352	11.1858	2.46448	3.88329	33.1933	Mbps
( 8, 3 )	RSSI:	-3.06805	10.6117	15.2264	12.4584	-60.0217	-42.4877	-54.7437	-58.9021	-61.6977	dBm,Throughput:	7.24713	7.71003	8.50734	4.38676	5.42259	33.2739	Mbps
( 8, 4 )	RSSI:	-2.74247	10.6761	15.1828	12.5391	-59.0949	-43.1452	-53.3152	-59.4632	-61.5704	dBm,Throughput:	6.69018	5.40845	6.35576	7.59692	4.46545	30.5168	Mbps
( 8, 5 )	RSSI:	-3.04906	10.5701	15.1492	12.5147	-58.0831	-45.7302	-52.1223	-60.1411	-61.4516	dBm,Throughput:	6.574	7.83544	6.13815	6.76211	5.55784	32.8675	Mbps
( 8, 6 )	RSSI:	-2.92318	10.5675	15.0952	12.5692	-56.853	-48.9122	-51.2701	-60.8749	-61.3069	dBm,Throughput:	8.38993	7.54467	8.78336	3.99149	2.58866	31.2981	Mbps
( 8, 7 )	RSSI:	-2.75779	10.9101	15.1182	12.6124	-55.8853	-51.5591	-51.1045	-61.3812	-61.1936	dBm,Throughput:	6.40802	6.18733	10.0823	3.86731	4.42672	30.9717	Mbps
( 8, 8 )	RSSI:	-3.07101	10.6581	15.1598	12.5637	-54.9172	-53.8116	-51.9112	-62.0349	-61.5992	dBm,Throughput:	7.40758	8.79811	4.87302	4.59393	4.96339	30.636	Mbps
( 8, 9 )	RSSI:	-3.05785	10.827	15.0455	12.7462	-54.3029	-55.4839	-53.055	-62.5296	-61.6094	dBm,Throughput:	6.11602	8.67209	6.30474	4.46791	5.37157	30.9323	Mbps
( 9, 1 )	RSSI:	14.9522	6.64253	8.57182	4.91145	-61.4419	-54.4213	-60.6614	-61.5729	-65.8576	dBm,Throughput:	11.9997	7.00308	5.69246	10.1063	8.63705	43.4385	Mbps
( 9, 2 )	RSSI:	-2.85511	10.6141	15.0789	12.63	-61.3397	-48.5376	-54.9283	-56.918	-61.5251	dBm,Throughput:	5.83324	8.37825	5.90024	4.54659	6.95144	31.6098	Mbps
( 9, 3 )	RSSI:	-2.96401	10.6474	15.1015	12.4919	-60.6376	-47.6479	-53.0778	-57.5695	-61.0068	dBm,Throughput:	8.30878	5.37772	8.75139	3.7794	5.24862	31.4659	Mbps
( 9, 4 )	RSSI:	-3.07923	10.7891	15.1476	12.5718	-59.8952	-47.8239	-51.1058	-58.3319	-60.7197	dBm,Throughput:	5.61808	7.04427	7.42479	5.9986	5.22834	31.3141	Mbps
( 9, 5 )	RSSI:	-3.13894	10.6725	15.1496	12.5339	-59.1267	-49.2257	-49.1444	-59.1949	-60.583	dBm,Throughput:	5.9316	6.10188	6.21315	5.50989	8.9518	32.7083	Mbps
( 9, 6 )	RSSI:	-3.03156	10.7481	15.1526	12.6376	-58.2621	-51.1496	-47.7734	-59.9982	-60.3895	dBm,Throughput:	5.88303	8.29833	9.8653	3.6958	5.30149	33.0439	Mbps
( 9, 7 )	RSSI:	-2.93034	10.9458	15.1154	12.8065	-57.3179	-53.0736	-47.7715	-60.8901	-60.5598	dBm,Throughput:	10.0522	5.39555	6.07299	4.65233	4.32344	30.4965	Mbps
( 9, 8 )	RSSI:	-3.10083	10.7962	15.1279	12.7025	-56.827	-54.7637	-48.7421	-61.4875	-60.4964	dBm,Throughput:	7.38299	6.32441	7.99711	5.0015	5.67218	32.3782	Mbps
( 9, 9 )	RSSI:	-3.06966	10.8817	15.06	12.7437	-56.2706	-56.1298	-50.7001	-62.2617	-60.8899	dBm,Throughput:	9.76571	7.35594	6.98464	3.11795	4.98306	32.2073	Mbps
( 10, 1 )	RSSI:	14.9476	6.98718	8.54899	5.18938	-61.5377	-55.6363	-60.2493	-59.7995	-65.3015	dBm,Throughput:	11.9997	8.9893	7.63196	10.1216	4.57733	43.3199	Mbps
( 10, 2 )	RSSI:	14.908	6.82006	8.71113	5.29732	-61.3935	-55.0992	-58.8333	-60.2314	-64.9363	dBm,Throughput:	11.9997	8.13358	8.14342	8.36288	7.56557	44.2051	Mbps
( 10, 3 )	RSSI:	-2.93537	10.7179	15.1359	12.5996	-61.4625	-51.1425	-51.5489	-55.8641	-60.1134	dBm,Throughput:	5.8732	4.87486	6.4406	7.36639	7.58278	32.1378	Mbps
( 10, 4 )	RSSI:	-3.08804	10.8728	15.2196	12.7813	-60.6908	-51.2285	-48.7032	-56.9933	-59.8707	dBm,Throughput:	6.03057	6.99509	7.15677	3.56609	9.05938	32.8079	Mbps
( 10, 5 )	RSSI:	-2.67813	10.927	15.0669	12.7792	-60.0695	-52.059	-45.5579	-58.1079	-59.4821	dBm,Throughput:	6.39634	3.94415	6.70493	6.36437	6.0361	29.4459	Mbps
( 10, 6 )	RSSI:	-3.00775	10.8014	15.1382	12.6404	-59.4086	-53.2009	-42.8594	-59.1032	-59.2147	dBm,Throughput:	5.41337	6.19163	10.1475	3.99825	5.07158	30.8223	Mbps
( 10, 7 )	RSSI:	-2.88997	10.771	15.0759	12.7075	-58.7425	-54.5023	-42.581	-60.297	-59.4582	dBm,Throughput:	10.2895	6.2863	5.84246	4.23677	4.13841	30.7934	Mbps
( 10, 8 )	RSSI:	-3.08039	10.8066	15.1632	12.6539	-58.3342	-55.7167	-44.8912	-60.8835	-59.3619	dBm,Throughput:	5.10677	8.74094	9.75157	2.68978	5.98556	32.2746	Mbps
( 10, 9 )	RSSI:	14.9912	6.97106	8.35228	5.31744	-59.7251	-56.1273	-53.7719	-63.5936	-64.1959	dBm,Throughput:	11.9997	12.1699	7.33627	6.32257	6.3699	44.1983	Mbps
( 11, 1 )	RSSI:	14.9647	6.93944	8.49328	5.21379	-61.6361	-56.4523	-59.9361	-57.5292	-64.8062	dBm,Throughput:	11.9997	7.56557	9.40916	11.1845	4.66893	44.8278	Mbps
( 11, 2 )	RSSI:	14.9514	6.81986	8.57392	5.22281	-61.5426	-56.229	-58.2852	-58.3966	-64.4457	dBm,Throughput:	11.9997	6.74366	8.4723	7.91474	9.65567	44.786	Mbps
( 11, 3 )	RSSI:	14.9525	6.92766	8.50564	5.28521	-61.3927	-56.0763	-55.9896	-59.6231	-63.9241	dBm,Throughput:	11.9997	5.86029	11.2804	8.59587	6.81436	44.5506	Mbps
( 11, 4 )	RSSI:	-2.92784	10.7845	15.1717	12.6801	-61.3054	-53.6578	-46.6379	-55.6099	-58.715	dBm,Throughput:	7.20287	7.41741	6.17442	4.13103	4.43041	29.3561	Mbps
( 11, 5 )	RSSI:	-3.06268	10.6891	15.0806	12.566	-60.8322	-54.1463	-41.529	-56.9895	-58.1896	dBm,Throughput:	4.52569	7.86925	9.55424	7.30307	3.46589	32.7181	Mbps
( 11, 6 )	RSSI:	-3.01095	10.7583	15.1216	12.6705	-60.4059	-54.9722	-35.3334	-58.2543	-57.9484	dBm,Throughput:	5.83816	5.90947	8.22026	7.93994	4.57917	32.487	Mbps
( 11, 7 )	RSSI:	-3.32846	10.4895	15.2503	12.5433	-59.9037	-55.831	-34.215	-59.4674	-57.9514	dBm,Throughput:	6.66006	6.2156	8.18891	5.40046	3.0786	29.5436	Mbps
( 11, 8 )	RSSI:	15.0191	7.0084	8.12104	5.33617	-60.2296	-56.0672	-46.8144	-63.1281	-63.1382	dBm,Throughput:	11.9997	7.73155	6.58014	6.86538	7.47459	40.6513	Mbps
( 11, 9 )	RSSI:	14.9738	6.9458	8.39242	5.40893	-60.167	-56.3508	-51.6482	-63.3463	-63.219	dBm,Throughput:	11.9997	6.30659	11.7943	5.42382	8.22456	43.749	Mbps
( 12, 1 )	RSSI:	14.9696	6.97279	8.38708	5.23724	-61.7692	-56.9786	-59.7985	-54.3972	-64.2474	dBm,Throughput:	11.9997	4.40029	7.6547	8.87373	8.22088	41.1493	Mbps
( 12, 2 )	RSSI:	14.9861	7.04726	8.4121	5.50333	-61.5699	-56.8022	-58.1302	-56.0162	-63.7873	dBm,Throughput:	11.9997	9.44359	7.60675	7.01353	5.05006	41.1136	Mbps
( 12, 3 )	RSSI:	14.983	7.06596	8.37539	5.21686	-61.5248	-56.7646	-55.6272	-57.8979	-63.1475	dBm,Throughput:	11.9997	7.50286	6.7578	9.72329	6.80698	42.7906	Mbps
( 12, 4 )	RSSI:	14.9811	7.07642	8.39639	5.44172	-61.3845	-56.783	-51.7679	-59.6569	-62.5416	dBm,Throughput:	11.9997	7.20472	9.64276	5.64697	8.29464	42.7888	Mbps
( 12, 5 )	RSSI:	-3.00232	10.8668	15.0624	12.6554	-61.6205	-55.8481	-39.4561	-55.9344	-56.6737	dBm,Throughput:	9.89296	4.48451	8.10592	6.47502	2.89111	31.8495	Mbps
( 12, 6 )	RSSI:	-3.09013	10.7508	15.4109	13.3637	-61.233	-56.3817	13.2288	-57.6205	-56.2931	dBm,Throughput:	6.94899	7.37315	5.25846	5.02855	7.07501	31.6842	Mbps
( 12, 7 )	RSSI:	14.9938	7.03095	9.00467	6.72121	-60.5185	-56.139	6.96257	-62.2794	-61.5523	dBm,Throughput:	11.9997	7.00493	13.2666	7.22869	4.33144	43.8314	Mbps
( 12, 8 )	RSSI:	14.9824	7.27322	8.33143	5.51496	-60.4849	-56.3514	-43.9013	-62.8439	-61.7665	dBm,Throughput:	11.9997	6.35747	9.09749	7.84343	6.95294	42.251	Mbps
( 12, 9 )	RSSI:	14.9177	6.94907	8.42616	5.3961	-60.458	-56.5372	-50.5453	-63.1884	-61.9985	dBm,Throughput:	11.9997	4.58717	8.66287	7.9799	6.12155	39.3511	Mbps
( 13, 1 )	RSSI:	14.434	8.22069	9.79739	7.04403	-61.7453	-57.033	-58.6239	-48.6461	-62.3655	dBm,Throughput:	11.9997	11.9997	9.95812	11.3241	10.8274	56.1089	Mbps
( 13, 2 )	RSSI:	14.4081	8.32229	9.84208	7.12402	-61.6637	-56.944	-56.878	-51.485	-61.4278	dBm,Throughput:	11.9997	11.9997	11.956	11.353	8.75385	56.0622	Mbps
( 13, 3 )	RSSI:	14.4179	8.19802	9.88344	7.04583	-61.5889	-56.8961	-54.6213	-54.529	-60.6085	dBm,Throughput:	11.9997	11.9997	8.75816	12.8984	9.82718	55.4831	Mbps
( 13, 4 )	RSSI:	14.4235	8.24004	9.87664	7.00481	-61.4677	-56.9022	-51.1566	-57.0199	-59.6897	dBm,Throughput:	11.9997	11.9997	12.9046	8.76307	10.0522	55.7191	Mbps
( 13, 5 )	RSSI:	14.4072	8.45153	9.80309	7.5271	-61.3747	-56.9669	-46.3172	-58.9182	-58.913	dBm,Throughput:	11.9997	11.9997	10.6872	10.3583	8.72865	53.7735	Mbps
( 13, 6 )	RSSI:	14.4669	8.38668	9.66655	7.13626	-61.3046	-57.0617	-40.2553	-60.6032	-58.5911	dBm,Throughput:	11.9997	11.9997	10.8083	8.08625	11.1765	54.0704	Mbps
( 13, 7 )	RSSI:	14.9912	7.05348	8.35931	5.34851	-60.6742	-56.4252	-40.7028	-62.091	-59.8874	dBm,Throughput:	11.9997	8.61861	8.66779	7.17951	7.11988	43.5855	Mbps
( 13, 8 )	RSSI:	15.0213	7.1	8.20765	5.46159	-60.656	-56.5155	-46.7678	-62.7155	-60.2871	dBm,Throughput:	11.9997	5.19268	8.31616	7.1998	7.01415	39.7225	Mbps
( 13, 9 )	RSSI:	15.0361	6.9755	8.01749	5.36102	-60.6234	-56.5851	-51.7682	-63.2086	-60.9014	dBm,Throughput:	11.9997	6.87399	7.77581	6.77809	6.47564	39.9032	Mbps
( 14, 1 )	RSSI:	14.4585	8.15834	9.76474	7.08638	-61.8028	-57.3257	-58.9153	-42.8041	-61.6393	dBm,Throughput:	11.9997	11.9997	10.2735	7.6086	12.0212	53.9026	Mbps
( 14, 2 )	RSSI:	14.4417	8.42359	9.79178	7.23624	-61.7444	-57.2584	-57.5855	-48.5303	-60.4633	dBm,Throughput:	11.9997	11.9997	10.5968	11.8829	7.79794	54.277	Mbps
( 14, 3 )	RSSI:	14.4601	8.45241	9.74131	7.19051	-61.6458	-57.2355	-55.6959	-52.9519	-59.2965	dBm,Throughput:	11.9997	11.9997	11.6025	10.3583	7.78687	53.7471	Mbps
( 14, 4 )	RSSI:	14.4894	8.37046	9.55801	7.20696	-61.5671	-57.2343	-53.2558	-56.2541	-57.9873	dBm,Throughput:	11.9997	11.9997	11.7329	7.18013	11.1403	54.0526	Mbps
( 14, 5 )	RSSI:	14.4453	8.35151	9.65183	7.33516	-61.5605	-57.2988	-50.1786	-58.4494	-56.7051	dBm,Throughput:	11.9997	11.9997	9.3815	8.03707	10.5827	52.0006	Mbps
( 14, 6 )	RSSI:	14.4124	8.62844	9.77854	7.48925	-61.5155	-57.3744	-47.5179	-60.1027	-55.9302	dBm,Throughput:	11.9997	11.9997	7.60798	13.3078	8.73357	53.6487	Mbps
( 14, 7 )	RSSI:	14.4862	8.37083	9.56354	7.07836	-61.4193	-57.4449	-47.4489	-61.5338	-55.9904	dBm,Throughput:	11.9997	11.9997	8.14895	8.02723	12.5542	52.7297	Mbps
( 14, 8 )	RSSI:	14.541	8.39814	9.43393	7.24201	-61.3243	-57.4654	-49.7804	-62.5193	-56.7914	dBm,Throughput:	11.9997	11.9997	11.8183	6.49469	9.20568	51.518	Mbps
( 14, 9 )	RSSI:	14.488	8.62925	9.63071	7.47608	-61.369	-57.6035	-52.646	-63.1787	-57.7673	dBm,Throughput:	11.9997	11.9997	6.66313	9.13069	11.1163	50.9094	Mbps
( 15, 1 )	RSSI:	14.4685	8.22867	10.2838	8.0227	-61.8318	-57.511	-59.3898	8.40059	-60.9701	dBm,Throughput:	11.9997	11.9997	11.3997	7.85388	10.4518	53.7046	Mbps
( 15, 2 )	RSSI:	14.4168	8.42253	9.76717	7.30981	-61.847	-57.4982	-58.2721	-47.0864	-59.3789	dBm,Throughput:	11.9997	11.9997	9.40978	9.5776	10.8077	53.7944	Mbps
( 15, 3 )	RSSI:	14.4924	8.30445	9.63629	7.08082	-61.7325	-57.4504	-56.999	-52.4266	-57.8391	dBm,Throughput:	11.9997	11.9997	10.4358	10.311	8.43173	53.1778	Mbps
( 15, 4 )	RSSI:	14.4741	8.49526	9.55742	7.29106	-61.6835	-57.4578	-55.2979	-55.8517	-55.8842	dBm,Throughput:	11.9997	11.9997	12.2462	9.202	7.91043	53.3579	Mbps
( 15, 5 )	RSSI:	14.5103	8.28188	9.54564	7.17273	-61.6303	-57.492	-53.6735	-58.3838	-54.0641	dBm,Throughput:	11.9997	11.9997	8.36903	7.82253	11.9234	52.1143	Mbps
( 15, 6 )	RSSI:	14.5171	8.2722	9.4623	7.0168	-61.5838	-57.5149	-52.4739	-60.2087	-52.7876	dBm,Throughput:	11.9997	11.9997	10.1917	8.20735	9.16696	51.5654	Mbps
( 15, 7 )	RSSI:	14.4604	8.55191	9.64095	7.44137	-61.602	-57.5869	-52.2823	-61.4177	-52.4377	dBm,Throughput:	11.9997	11.9997	7.0412	9.57576	10.5071	51.1234	Mbps
( 15, 8 )	RSSI:	14.4172	8.60663	9.68093	7.39824	-61.5547	-57.6496	-53.1897	-62.3122	-53.4888	dBm,Throughput:	11.9997	11.9997	11.5896	8.20612	10.0184	53.8134	Mbps
( 15, 9 )	RSSI:	14.4887	8.92332	9.30912	7.49991	-61.546	-57.6965	-55.0492	-63.1488	-55.4282	dBm,Throughput:	11.9997	11.9997	5.37745	10.2243	9.35076	48.9518	Mbps
( 16, 1 )	RSSI:	14.4546	8.58571	9.61626	7.40542	-61.8987	-57.6488	-59.92	-42.6107	-60.2332	dBm,Throughput:	11.9997	11.9997	9.46264	11.6124	7.64856	52.7229	Mbps
( 16, 2 )	RSSI:	14.4968	8.54306	9.57909	7.28001	-61.8545	-57.6383	-59.1855	-48.7012	-58.5723	dBm,Throughput:	11.9997	11.9997	6.574	9.61694	9.54317	49.7334	Mbps
( 16, 3 )	RSSI:	14.4236	8.61132	9.73725	7.36835	-61.8314	-57.6088	-58.141	-52.8533	-56.2032	dBm,Throughput:	11.9997	11.9997	12.9623	7.42602	8.10162	52.4893	Mbps
( 16, 4 )	RSSI:	14.3907	8.35314	9.86466	7.26636	-61.8197	-57.6439	-56.9862	-56.0583	-53.3309	dBm,Throughput:	11.9997	11.9997	13.5236	6.46826	10.003	53.9942	Mbps
( 16, 5 )	RSSI:	14.5283	8.61526	9.42007	7.44036	-61.7203	-57.6231	-56.1797	-58.5746	-50.5007	dBm,Throughput:	11.9997	11.9997	6.10372	5.58919	13.9404	49.6326	Mbps
( 16, 6 )	RSSI:	14.6957	8.36108	8.8635	6.91282	-61.5607	-57.5146	-55.9034	-60.6256	-48.3649	dBm,Throughput:	11.9997	11.9997	7.46859	7.52759	5.90034	44.8958	Mbps
( 16, 7 )	RSSI:	14.4439	8.54858	9.69296	7.43508	-61.6972	-57.6916	-55.4017	-61.4855	-47.4301	dBm,Throughput:	11.9997	11.9997	10.5323	8.52886	9.62616	52.6866	Mbps
( 16, 8 )	RSSI:	14.5376	8.6511	9.3691	7.4591	-61.6333	-57.6735	-56.0529	-62.501	-49.9316	dBm,Throughput:	11.9997	11.9997	7.99527	8.21227	7.94732	48.1542	Mbps
( 16, 9 )	RSSI:	14.4249	8.67273	9.68476	7.47488	-61.6937	-57.8077	-56.8828	-63.1287	-52.8272	dBm,Throughput:	11.9997	11.9997	7.40451	9.70116	10.0878	51.1928	Mbps
( 17, 1 )	RSSI:	14.548	8.40568	9.46359	7.15832	-61.8444	-57.666	-60.5154	-48.8611	-59.9512	dBm,Throughput:	11.9997	11.9997	11.4711	8.58582	5.64746	49.7037	Mbps
( 17, 2 )	RSSI:	14.4353	8.5112	9.66804	7.45915	-61.9503	-57.7766	-59.8229	-51.4722	-57.6864	dBm,Throughput:	11.9997	11.9997	7.84035	11.1741	10.2489	53.2626	Mbps
( 17, 3 )	RSSI:	14.5618	8.48415	9.33544	7.22401	-61.8373	-57.687	-59.3212	-54.7245	-55.385	dBm,Throughput:	11.9997	11.9997	5.50373	10.1837	9.48539	49.1722	Mbps
( 17, 4 )	RSSI:	14.5152	8.52651	9.41291	7.34508	-61.8057	-57.693	-58.6224	-57.125	-51.54	dBm,Throughput:	11.9997	11.9997	9.34523	7.73277	9.47064	50.548	Mbps
( 17, 5 )	RSSI:	14.507	8.60389	9.52906	7.38357	-61.8163	-57.7372	-58.0187	-59.1151	-46.5351	dBm,Throughput:	11.9997	11.9997	6.15475	11.1728	8.79996	50.1269	Mbps
( 17, 6 )	RSSI:	14.4642	8.75153	9.59181	7.62657	-61.8274	-57.7635	-57.6444	-60.514	-40.2217	dBm,Throughput:	11.9997	11.9997	6.81682	11.0321	8.71881	50.567	Mbps
( 17, 7 )	RSSI:	14.4264	9.13098	9.58699	7.71622	-61.8275	-57.7786	-57.5358	-61.5701	-39.156	dBm,Throughput:	11.9997	11.9997	7.01538	8.5473	8.36964	47.9316	Mbps
( 17, 8 )	RSSI:	14.4467	8.67766	9.60441	7.49211	-61.7805	-57.8007	-57.8769	-62.5169	-45.1637	dBm,Throughput:	11.9997	11.9997	9.97103	6.70862	11.5583	52.2373	Mbps
( 17, 9 )	RSSI:	14.4262	8.60707	9.70081	7.45439	-61.7733	-57.8172	-58.409	-63.1899	-50.5012	dBm,Throughput:	11.9997	11.9997	10.4573	8.38993	6.8537	49.7002	Mbps
( 18, 1 )	RSSI:	14.5269	8.68879	9.3331	7.68244	-61.909	-57.74	-60.9094	-52.9739	-59.7347	dBm,Throughput:	11.9997	11.9997	8.25469	7.90244	6.66682	46.8233	Mbps
( 18, 2 )	RSSI:	14.4847	8.48593	9.52873	7.39493	-61.948	-57.8095	-60.4372	-54.5613	-57.6349	dBm,Throughput:	11.9997	11.9997	5.68017	10.6171	7.2207	47.5173	Mbps
( 18, 3 )	RSSI:	14.4983	8.56446	9.46712	7.38982	-61.911	-57.787	-60.0396	-56.5983	-54.6753	dBm,Throughput:	11.9997	11.9997	7.51516	7.60737	10.8101	49.932	Mbps
( 18, 4 )	RSSI:	14.521	8.66739	9.32782	7.54279	-61.8538	-57.7595	-59.6534	-58.3979	-50.6503	dBm,Throughput:	11.9997	11.9997	7.30676	7.22623	10.2882	48.8206	Mbps
( 18, 5 )	RSSI:	14.4453	8.92744	9.53732	7.8406	-61.9003	-57.802	-59.256	-59.77	-44.2419	dBm,Throughput:	11.9997	11.9997	8.47907	9.66366	7.48872	49.6308	Mbps
( 18, 6 )	RSSI:	14.5232	8.74605	10.0421	8.3704	-61.8432	-57.7737	-59.1131	-61.1062	8.39842	dBm,Throughput:	11.9997	11.9997	7.27596	9.60096	8.44629	49.3225	Mbps
( 18, 7 )	RSSI:	14.47	8.7039	10.1144	8.61629	-61.8517	-57.8171	-59.0431	-62.0113	8.3811	dBm,Throughput:	11.9997	11.9997	10.4843	6.83649	9.44359	50.7637	Mbps
( 18, 8 )	RSSI:	14.4919	8.79457	9.43413	7.61455	-61.8459	-57.8394	-59.2699	-62.8903	-42.6708	dBm,Throughput:	11.9997	11.9997	6.32872	11.0591	8.5891	49.9763	Mbps
( 18, 9 )	RSSI:	14.3471	8.49371	9.93533	7.49496	-61.9194	-57.9442	-59.4382	-63.2606	-49.3174	dBm,Throughput:	11.9997	11.9997	9.39441	9.07044	6.32995	48.7941	Mbps
( 19, 1 )	RSSI:	14.4536	8.59168	9.56415	7.41448	-61.9848	-57.8591	-61.2237	-56.0816	-59.8238	dBm,Throughput:	11.9997	11.9997	9.27638	11.5398	6.02934	50.8449	Mbps
( 19, 2 )	RSSI:	14.4294	8.70937	9.63579	7.4431	-62.021	-57.8706	-60.8569	-57.011	-57.7304	dBm,Throughput:	11.9997	11.9997	8.96963	7.72417	10.1764	50.8695	Mbps
( 19, 3 )	RSSI:	14.5159	8.91497	9.38039	7.83508	-61.9221	-57.7845	-60.7434	-58.3376	-55.2551	dBm,Throughput:	11.9997	11.9997	7.15308	10.7917	4.68368	46.6278	Mbps
( 19, 4 )	RSSI:	14.609	8.68191	9.15194	7.35453	-61.8587	-57.7617	-60.4491	-59.7573	-51.6682	dBm,Throughput:	11.9997	11.9997	6.59497	8.25957	8.88909	47.743	Mbps
( 19, 5 )	RSSI:	14.543	9.02333	9.3154	7.70978	-61.8492	-57.766	-60.2695	-60.791	-46.6434	dBm,Throughput:	11.9997	11.9997	10.1757	5.84307	6.75719	46.7753	Mbps
( 19, 6 )	RSSI:	14.5053	8.90189	9.39281	7.5781	-61.9147	-57.8643	-60.0972	-61.709	-40.2729	dBm,Throughput:	11.9997	11.9997	5.81111	6.98218	10.2981	47.0907	Mbps
( 19, 7 )	RSSI:	14.4879	8.96652	9.39417	7.74049	-61.8786	-57.8328	-60.0657	-62.3963	-39.2033	dBm,Throughput:	11.9997	11.9997	9.853	7.13033	7.56188	48.5445	Mbps
( 19, 8 )	RSSI:	14.4951	9.01545	9.53138	7.76406	-61.8636	-57.8437	-60.1827	-63.099	-45.2921	dBm,Throughput:	11.9997	11.9997	8.86205	6.23651	7.41741	46.5153	Mbps
( 19, 9 )	RSSI:	14.5002	8.95086	9.4986	7.82303	-61.876	-57.8643	-60.3229	-63.5128	-50.5221	dBm,Throughput:	11.9997	11.9997	7.84896	4.92404	9.50998	46.2823	Mbps
( 20, 1 )	RSSI:	14.4716	8.8561	9.43637	7.6874	-62.0296	-57.8811	-61.4761	-58.4626	-60.2566	dBm,Throughput:	11.9997	11.9997	6.5902	10.469	7.54172	48.6002	Mbps
( 20, 2 )	RSSI:	14.5692	9.11384	9.1541	7.65495	-61.9751	-57.8491	-61.3084	-59.1873	-58.7022	dBm,Throughput:	11.9997	11.9997	2.89033	9.21675	10.595	46.7014	Mbps
( 20, 3 )	RSSI:	14.5073	8.95223	9.3801	7.79823	-61.9649	-57.8599	-61.1434	-59.9249	-56.2558	dBm,Throughput:	11.9997	11.9997	6.56846	6.64408	8.07703	45.2889	Mbps
( 20, 4 )	RSSI:	14.5106	8.78491	9.29859	7.70098	-61.957	-57.8422	-60.9978	-60.7473	-53.5977	dBm,Throughput:	11.9997	11.9997	7.05165	11.5355	5.61747	48.204	Mbps
( 20, 5 )	RSSI:	14.4776	8.9918	9.42457	7.82402	-61.9637	-57.8702	-60.8409	-61.5465	-50.3471	dBm,Throughput:	11.9997	11.9997	7.4125	10.6153	7.26988	49.297	Mbps
( 20, 6 )	RSSI:	14.5973	8.55288	9.2361	7.3115	-61.8644	-57.7952	-60.7937	-62.417	-48.0107	dBm,Throughput:	11.9997	11.9997	6.87891	6.72891	6.66621	44.2733	Mbps
( 20, 7 )	RSSI:	14.4758	9.21291	9.33858	8.06169	-61.9343	-57.8682	-60.7673	-62.8118	-47.3911	dBm,Throughput:	11.9997	11.9997	8.21965	6.80883	6.87079	45.8986	Mbps
( 20, 8 )	RSSI:	14.4834	9.29908	9.26388	8.15823	-61.9132	-57.8582	-60.8168	-63.3637	-49.7642	dBm,Throughput:	11.9997	11.9997	7.04365	6.88382	7.13955	45.0664	Mbps
( 20, 9 )	RSSI:	14.4696	8.95555	9.44472	7.92442	-61.9374	-57.9168	-60.9316	-63.7644	-52.8787	dBm,Throughput:	11.9997	11.9997	7.57417	6.28507	6.07544	43.934	Mbps
( 21, 1 )	RSSI:	14.4772	9.08886	9.38994	7.85151	-62.0312	-57.9074	-61.7342	-60.2201	-60.9126	dBm,Throughput:	11.9997	11.9997	8.13543	6.9453	7.71556	46.7956	Mbps
( 21, 2 )	RSSI:	14.4627	8.76636	9.50088	7.66264	-62.026	-57.9137	-61.5499	-60.5451	-59.4779	dBm,Throughput:	11.9997	11.9997	7.10205	6.29122	8.54853	45.9411	Mbps
( 21, 3 )	RSSI:	15.208	7.89471	6.57589	5.83241	-61.3868	-57.3646	-61.8146	-62.4664	-59.864	dBm,Throughput:	11.9997	11.9997	2.61477	2.19767	2.58612	31.3979	Mbps
( 21, 4 )	RSSI:	14.5127	9.13299	9.277	8.09384	-61.9956	-57.8742	-61.3723	-61.6935	-55.779	dBm,Throughput:	11.9997	11.9997	6.77256	8.0051	8.14711	46.9241	Mbps
( 21, 5 )	RSSI:	14.493	9.10938	9.35965	8.01296	-61.9665	-57.8595	-61.3497	-62.2395	-53.8881	dBm,Throughput:	11.9997	11.9997	9.89911	6.33486	5.99184	46.2251	Mbps
( 21, 6 )	RSSI:	14.5122	8.89914	9.38514	7.52336	-61.9579	-57.884	-61.2769	-62.8397	-52.6564	dBm,Throughput:	11.9997	11.9997	8.38808	8.86205	4.87548	46.1249	Mbps
( 21, 7 )	RSSI:	14.4293	9.00888	9.58642	7.81192	-61.9975	-57.921	-61.2539	-63.1854	-52.3447	dBm,Throughput:	11.9997	11.9997	9.84194	6.70125	5.17608	45.7186	Mbps
( 21, 8 )	RSSI:	14.4607	8.79409	9.39868	7.83029	-62.0047	-57.945	-61.2644	-63.7375	-53.5963	dBm,Throughput:	11.9997	11.9997	4.04927	11.013	6.61703	45.6786	Mbps
( 21, 9 )	RSSI:	14.4645	9.17807	9.32186	8.15701	-61.9571	-57.8604	-61.4655	-64.0958	-55.4232	dBm,Throughput:	11.9997	11.9997	8.72496	9.11101	2.34915	44.1844	Mbps
