AP location	AP	Sta1	Sta2	Sta3	Sta4	Sta5										Sta1		Sta2		Sta3	Sta4	Sta5	 Total
( 1, 1 )	RSSI:	-32.0284	-nan	-31.787	-56.9639	-60.1599	-54.4145	-62.1281	-63.056	-63.1271	dBm,Throughput:	11.423	11.6216	10.769	0	0	33.8136	Mbps
( 1, 2 )	RSSI:	-37.8683	-nan	-37.6114	-55.1585	-58.9315	-53.5696	-61.4982	-63.3041	-63.2334	dBm,Throughput:	11.7851	11.2712	10.7222	0	0	33.7786	Mbps
( 1, 3 )	RSSI:	-42.2222	-nan	-41.9899	-54.7784	-57.7246	-53.2732	-61.2175	-63.0735	-62.9488	dBm,Throughput:	11.4464	10.8624	11.6216	0	0	33.9304	Mbps
( 1, 4 )	RSSI:	-45.7945	-nan	-45.5757	-54.4475	-56.1116	-53.408	-61.2322	-63.146	-63.2095	dBm,Throughput:	11.4581	10.8624	11.3763	0	0	33.6968	Mbps
( 1, 5 )	RSSI:	-48.7769	-nan	-48.6064	-53.6993	-54.1529	-53.9802	-61.0854	-63.1441	-63.2768	dBm,Throughput:	11.972	11.3763	11.0376	0	0	34.3859	Mbps
( 1, 6 )	RSSI:	-51.0305	-65.1076	-51.1526	-53.3042	-52.1654	-54.8622	-61.1281	-65.3022	-62.9753	dBm,Throughput:	11.9954	11.3763	11.388	11.5282	0	46.2878	Mbps
( 1, 7 )	RSSI:	-52.8326	-65.1076	-52.9457	-51.3014	-49.4313	-55.8424	-61.3031	-65.3022	-62.8236	dBm,Throughput:	11.9954	11.7968	11.4114	10.4419	0	45.6454	Mbps
( 1, 8 )	RSSI:	-54.9649	-58.9461	-54.8774	-48.2826	-45.8355	-57.3673	-60.7542	-64.6549	-62.5235	dBm,Throughput:	11.9954	11.9954	12.883	12.3808	7.66208	56.9166	Mbps
( 1, 9 )	RSSI:	-56.0376	-58.9461	-56.288	-46.3996	-43.3692	-57.3673	-60.4673	-64.6549	-62.0767	dBm,Throughput:	11.9954	11.9954	11.6917	11.645	10.1733	57.5006	Mbps
( 2, 1 )	RSSI:	-37.6977	-nan	-37.4504	-54.5912	-60.024	-52.5954	-61.4947	-63.0038	-63.3992	dBm,Throughput:	11.061	11.8202	10.9792	0	0	33.8603	Mbps
( 2, 2 )	RSSI:	-40.4586	-nan	-40.9483	-53.2485	-58.7218	-51.4908	-61.0682	-62.855	-62.5937	dBm,Throughput:	10.9442	10.769	11.9253	0	0	33.6384	Mbps
( 2, 3 )	RSSI:	-44.0046	-nan	-44.1043	-52.408	-57.6525	-50.792	-60.7842	-62.6044	-62.6833	dBm,Throughput:	10.8858	11.6099	12.0187	0	0	34.5144	Mbps
( 2, 4 )	RSSI:	-46.8637	-nan	-46.9316	-52.2069	-55.7199	-50.754	-60.6887	-62.8988	-62.5593	dBm,Throughput:	11.4464	11.2478	12.0187	0	0	34.713	Mbps
( 2, 5 )	RSSI:	-49.169	-nan	-49.0042	-52.3175	-53.8045	-51.7643	-60.3921	-63.1415	-62.6873	dBm,Throughput:	11.4464	11.4114	12.007	0	0	34.8648	Mbps
( 2, 6 )	RSSI:	-51.5176	-nan	-51.4493	-51.5782	-51.1565	-52.7924	-60.4046	-63.175	-62.6292	dBm,Throughput:	11.6333	11.4114	10.6405	0	0	33.6851	Mbps
( 2, 7 )	RSSI:	-53.3211	-nan	-53.238	-50.6799	-47.7565	-54.3654	-60.2173	-63.0578	-62.8035	dBm,Throughput:	10.8858	10.839	11.9253	0	0	33.6501	Mbps
( 2, 8 )	RSSI:	-55.0631	-65.1076	-54.8529	-45.589	-43.3356	-55.8606	-60.3731	-65.3022	-62.8895	dBm,Throughput:	11.9954	11.7734	10.7106	10.9091	0	45.3885	Mbps
( 2, 9 )	RSSI:	-56.5444	-58.9461	-56.4139	-39.7777	-37.1665	-57.3673	-59.84	-64.6549	-62.1811	dBm,Throughput:	11.9954	11.9954	12.7078	10.1616	10.3952	57.2554	Mbps
( 3, 1 )	RSSI:	-42.3116	-nan	-42.4856	-52.6279	-59.8431	-50.1896	-60.8785	-62.3626	-62.9422	dBm,Throughput:	11.3179	11.2362	11.3997	0	0	33.9538	Mbps
( 3, 2 )	RSSI:	-44.1317	-nan	-43.883	-50.6542	-58.7623	-48.0608	-60.4508	-62.303	-62.4702	dBm,Throughput:	10.8507	11.5282	11.2011	0	0	33.58	Mbps
( 3, 3 )	RSSI:	-46.2749	-nan	-46.1811	-49.2185	-57.4575	-47.1585	-59.951	-62.325	-62.2775	dBm,Throughput:	11.4698	11.1894	11.2362	0	0	33.8954	Mbps
( 3, 4 )	RSSI:	-48.2946	-nan	-48.346	-49.2848	-55.5081	-47.6168	-59.7001	-62.5553	-62.9756	dBm,Throughput:	12.007	12.4042	10.1733	0	0	34.5845	Mbps
( 3, 5 )	RSSI:	-50.4881	-nan	-50.5539	-50.1126	-53.3975	-48.781	-59.5135	-62.7409	-62.7165	dBm,Throughput:	11.0376	10.8741	11.9253	0	0	33.837	Mbps
( 3, 6 )	RSSI:	-52.2272	-nan	-52.1936	-50.317	-50.5503	-50.7842	-59.4894	-62.5637	-62.6291	dBm,Throughput:	11.68	11.1427	11.423	0	0	34.2458	Mbps
( 3, 7 )	RSSI:	-53.8824	-nan	-53.4736	-48.608	-46.9185	-52.6095	-59.508	-62.9269	-62.7228	dBm,Throughput:	10.8858	10.7806	12.0421	0	0	33.7085	Mbps
( 3, 8 )	RSSI:	-54.8942	-nan	-55.0449	-44.9587	-41.748	-54.7383	-59.5421	-63.1062	-62.0868	dBm,Throughput:	10.9792	10.804	11.8786	0	0	33.6618	Mbps
( 3, 9 )	RSSI:	-56.5314	-nan	-56.4644	11.902	14.1035	-56.1746	-59.7113	-63.5793	-62.6363	dBm,Throughput:	11.3997	10.9792	11.2245	0	0	33.6034	Mbps
( 4, 1 )	RSSI:	-45.8932	-nan	-45.6345	-49.0845	-59.9149	-47.1272	-60.0657	-61.7357	-61.8998	dBm,Throughput:	11.3179	11.5515	11.3413	0	0	34.2107	Mbps
( 4, 2 )	RSSI:	-46.8155	-nan	-46.5597	-47.2154	-58.8517	-44.3004	-59.4677	-61.8757	-62.3424	dBm,Throughput:	10.8507	11.4814	11.4931	0	0	33.8253	Mbps
( 4, 3 )	RSSI:	-48.4392	-nan	-48.0364	-44.744	-57.4097	-42.0898	-59.0408	-61.9509	-62.307	dBm,Throughput:	11.0259	11.5282	11.4931	0	0	34.0472	Mbps
( 4, 4 )	RSSI:	-50.0359	-nan	-49.8917	-44.5346	-55.8706	-42.2542	-58.8151	-62.3566	-62.6162	dBm,Throughput:	10.8624	11.7384	11.8552	0	0	34.456	Mbps
( 4, 5 )	RSSI:	-51.3194	-nan	-51.3168	-47.3325	-53.6261	-45.3303	-58.4713	-62.3993	-62.4231	dBm,Throughput:	11.3763	11.3413	11.937	0	0	34.6546	Mbps
( 4, 6 )	RSSI:	-53.3217	-nan	-53.1514	-49.3053	-51.1688	-48.343	-58.3065	-62.2817	-62.1069	dBm,Throughput:	12.007	11.3646	11.096	0	0	34.4677	Mbps
( 4, 7 )	RSSI:	-54.6463	-nan	-54.4017	-49.6376	-47.8668	-51.2419	-58.1509	-62.8347	-62.36	dBm,Throughput:	10.839	10.3485	11.7034	0	0	32.8909	Mbps
( 4, 8 )	RSSI:	-55.9527	-nan	-55.7783	-46.2328	-43.4684	-53.8272	-58.2392	-62.8637	-61.8588	dBm,Throughput:	11.1077	10.8157	11.9019	0	0	33.8253	Mbps
( 4, 9 )	RSSI:	-57.0558	-nan	-56.9831	-39.7356	-37.0482	-55.5617	-58.7099	-63.1369	-62.1567	dBm,Throughput:	11.4114	11.1427	10.9442	0	0	33.4982	Mbps
( 5, 1 )	RSSI:	-48.7747	-nan	-48.5932	-46.329	-60.15	-44.4646	-59.3283	-61.3386	-62.6329	dBm,Throughput:	11.423	11.6683	11.7734	0	0	34.8648	Mbps
( 5, 2 )	RSSI:	-49.377	-nan	-49.2971	-41.061	-59.0372	-39.1201	-58.9165	-61.6361	-62.4156	dBm,Throughput:	11.3179	11.6917	10.9558	0	0	33.9654	Mbps
( 5, 3 )	RSSI:	-50.1096	-nan	-49.7987	-36.6143	-57.6424	-33.4714	-58.0197	-61.2613	-62.021	dBm,Throughput:	10.9558	11.4347	11.4931	0	0	33.8837	Mbps
( 5, 4 )	RSSI:	-51.6186	-nan	-51.7256	-38.1347	-56.3505	-35.3792	-57.5508	-61.4803	-61.8245	dBm,Throughput:	10.8624	11.4931	11.0026	0	0	33.3581	Mbps
( 5, 5 )	RSSI:	-52.974	-nan	-52.9949	-44.2972	-54.5468	-41.335	-57.2279	-61.8923	-62.2715	dBm,Throughput:	10.8507	11.5982	11.1894	0	0	33.6384	Mbps
( 5, 6 )	RSSI:	-54.2372	-nan	-54.0696	-47.7507	-52.0542	-46.3467	-56.8807	-61.9134	-62.1243	dBm,Throughput:	11.8669	10.8624	10.3368	0	0	33.0661	Mbps
( 5, 7 )	RSSI:	-55.4497	-nan	-55.3168	-49.4139	-49.7185	-50.0362	-56.9668	-62.4819	-62.3033	dBm,Throughput:	11.3179	10.9909	11.5048	0	0	33.8136	Mbps
( 5, 8 )	RSSI:	-56.7608	-nan	-56.5986	-47.6043	-46.493	-52.7965	-57.2129	-62.484	-62.1159	dBm,Throughput:	11.2712	10.9558	11.7618	0	0	33.9888	Mbps
( 5, 9 )	RSSI:	-57.9517	-nan	-57.3725	-46.7201	-43.3555	-54.7977	-57.5122	-62.5903	-62.478	dBm,Throughput:	10.6989	10.5704	11.1778	0	0	32.447	Mbps
( 6, 1 )	RSSI:	-50.8261	-nan	-50.9136	-46.8232	-60.5265	-43.6328	-58.4424	-60.2713	-61.7762	dBm,Throughput:	10.8507	11.5749	11.2362	0	0	33.6618	Mbps
( 6, 2 )	RSSI:	-51.3744	-nan	-51.3829	-38.6313	-59.5026	-35.963	-57.6403	-60.5482	-61.8469	dBm,Throughput:	10.8741	11.8786	11.2128	0	0	33.9654	Mbps
( 6, 3 )	RSSI:	-52.2939	-nan	-52.3507	10.517	-58.3218	13.7234	-56.9321	-60.4932	-61.8458	dBm,Throughput:	10.3835	11.3179	10.6638	0	0	32.3653	Mbps
( 6, 4 )	RSSI:	-52.9233	-nan	-52.7658	11.2104	-56.9434	14.0207	-56.0466	-61.4152	-62.3167	dBm,Throughput:	11.2712	11.6683	11.2245	0	0	34.164	Mbps
( 6, 5 )	RSSI:	-54.1794	-nan	-54.0109	-41.8593	-55.3902	-39.5545	-55.4379	-61.4369	-62.1292	dBm,Throughput:	11.2128	11.2128	11.2128	0	0	33.6384	Mbps
( 6, 6 )	RSSI:	-55.2999	-nan	-54.9935	-46.7684	-53.3083	-45.3109	-55.2642	-61.9097	-61.8873	dBm,Throughput:	11.4114	10.8624	10.8274	0	0	33.1011	Mbps
( 6, 7 )	RSSI:	-56.0722	-nan	-56.0118	-49.8151	-51.398	-49.8212	-55.054	-62.0102	-62.0363	dBm,Throughput:	11.4114	11.0376	10.2434	0	0	32.6923	Mbps
( 6, 8 )	RSSI:	-57.3837	-nan	-57.1339	-50.4289	-49.3565	-52.6013	-55.4179	-62.557	-62.063	dBm,Throughput:	11.3062	11.0259	11.3646	0	0	33.6968	Mbps
( 6, 9 )	RSSI:	-58.5001	-nan	-58.3018	-49.8418	-47.5312	-54.9045	-55.9041	-62.6133	-62.023	dBm,Throughput:	11.3763	10.8624	10.6405	0	0	32.8792	Mbps
( 7, 1 )	RSSI:	-52.8031	-nan	-52.812	-46.6132	-60.3089	-44.6695	-57.8033	-59.2897	-62.262	dBm,Throughput:	10.839	11.7034	11.6216	0	0	34.164	Mbps
( 7, 2 )	RSSI:	-53.1436	-nan	-53.1202	-41.1048	-59.7568	-39.0929	-56.4177	-59.4158	-61.9011	dBm,Throughput:	11.2595	11.5749	11.061	0	0	33.8954	Mbps
( 7, 3 )	RSSI:	-53.801	-nan	-53.7604	-36.0215	-58.6192	-33.4886	-55.5301	-59.8473	-61.6187	dBm,Throughput:	10.0682	11.8435	11.3413	0	0	33.253	Mbps
( 7, 4 )	RSSI:	-54.8008	-nan	-54.7079	-37.921	-57.704	-35.3576	-54.3226	-60.122	-61.6661	dBm,Throughput:	10.8624	11.7267	11.0726	0	0	33.6618	Mbps
( 7, 5 )	RSSI:	-55.3188	-nan	-55.027	-43.8659	-56.5013	-41.5534	-53.721	-60.9027	-61.3353	dBm,Throughput:	11.4931	11.2362	11.423	0	0	34.1523	Mbps
( 7, 6 )	RSSI:	-56.2103	-nan	-55.9884	-47.9756	-54.9287	-46.7119	-52.9355	-61.1815	-61.315	dBm,Throughput:	10.9792	10.7222	11.2946	0	0	32.996	Mbps
( 7, 7 )	RSSI:	-57.1842	-nan	-56.9913	-49.7255	-53.4147	-49.9921	-52.946	-61.5655	-61.4597	dBm,Throughput:	10.9792	10.7106	11.2829	0	0	32.9726	Mbps
( 7, 8 )	RSSI:	-57.9531	-nan	-57.7278	-51.1263	-52.2701	-52.6717	-53.2745	-61.9781	-61.6652	dBm,Throughput:	11.388	11.2362	11.3646	0	0	33.9888	Mbps
( 7, 9 )	RSSI:	-59.0358	-nan	-58.9348	-51.236	-50.8528	-54.8603	-54.2577	-62.2952	-61.663	dBm,Throughput:	10.8624	10.2901	10.6522	0	0	31.8046	Mbps
( 8, 1 )	RSSI:	-54.6629	-nan	-54.6106	-49.5439	-60.9123	-47.4013	-56.6705	-57.9695	-61.5531	dBm,Throughput:	10.2784	11.8669	12.0421	0	0	34.1874	Mbps
( 8, 2 )	RSSI:	-55.1221	-nan	-55.2101	-46.363	-60.4918	-44.0934	-55.414	-58.2027	-61.3972	dBm,Throughput:	10.9325	10.769	11.131	0	0	32.8325	Mbps
( 8, 3 )	RSSI:	-55.3635	-nan	-55.1934	-43.9977	-59.6713	-41.9026	-53.8916	-58.6678	-60.9046	dBm,Throughput:	10.804	10.839	11.0493	0	0	32.6923	Mbps
( 8, 4 )	RSSI:	-55.8894	-nan	-55.8542	-44.7021	-58.5792	-42.6211	-52.2911	-59.2411	-60.8611	dBm,Throughput:	10.9208	10.8507	11.388	0	0	33.1595	Mbps
( 8, 5 )	RSSI:	-56.6981	-nan	-56.3903	-46.57	-57.4693	-45.199	-51.1665	-59.6788	-61.1596	dBm,Throughput:	11.1894	10.769	11.6333	0	0	33.5917	Mbps
( 8, 6 )	RSSI:	-57.3185	-nan	-57.0347	-48.3019	-56.3776	-48.3435	-50.3233	-60.3766	-60.9232	dBm,Throughput:	10.769	10.8507	11.7734	0	0	33.3931	Mbps
( 8, 7 )	RSSI:	-58.1896	-nan	-58.2652	-50.128	-55.2535	-51.1058	-50.3522	-61.2322	-61.1228	dBm,Throughput:	11.2128	10.8624	11.3646	0	0	33.4398	Mbps
( 8, 8 )	RSSI:	-59.1665	-nan	-59.1502	-50.7612	-54.3281	-53.3637	-50.9486	-61.4708	-60.5928	dBm,Throughput:	10.9558	10.8507	11.5398	0	0	33.3464	Mbps
( 8, 9 )	RSSI:	-59.7789	-nan	-59.8976	-52.0505	-53.7563	-55.5155	-52.1894	-62.0932	-61.2155	dBm,Throughput:	11.4114	11.0026	10.5237	0	0	32.9376	Mbps
( 9, 1 )	RSSI:	-56.087	-60.9028	-56.0602	-51.1202	-60.9751	-50.169	-55.8368	-55.6347	-60.3217	dBm,Throughput:	11.9954	10.7806	10.8274	11.1894	0	44.7928	Mbps
( 9, 2 )	RSSI:	-55.9345	-nan	-56.154	-50.0694	-60.8625	-48.1265	-54.2017	-56.6504	-61.0472	dBm,Throughput:	11.1544	10.8741	11.1778	0	0	33.2062	Mbps
( 9, 3 )	RSSI:	-56.7233	-nan	-56.4971	-48.3663	-59.961	-47.0126	-52.2392	-57.2871	-60.9405	dBm,Throughput:	10.5237	11.2829	11.9253	0	0	33.7318	Mbps
( 9, 4 )	RSSI:	-57.0652	-nan	-56.7893	-47.9699	-59.4402	-47.364	-50.1077	-57.9693	-60.2037	dBm,Throughput:	10.8507	10.769	11.2478	0	0	32.8675	Mbps
( 9, 5 )	RSSI:	-57.9212	-nan	-57.7159	-47.9339	-58.4088	-48.663	-48.1733	-58.9227	-60.2985	dBm,Throughput:	10.4886	11.2829	12.007	0	0	33.7786	Mbps
( 9, 6 )	RSSI:	-58.5232	-nan	-58.1956	-47.7521	-57.4652	-50.753	-46.8206	-59.6831	-60.3579	dBm,Throughput:	11.4114	10.8624	11.5048	0	0	33.7786	Mbps
( 9, 7 )	RSSI:	-59.1238	-nan	-58.8353	-48.5887	-56.7527	-52.6561	-46.7029	-60.2749	-60.0259	dBm,Throughput:	11.3179	10.8157	11.2128	0	0	33.3464	Mbps
( 9, 8 )	RSSI:	-59.9952	-nan	-59.875	-49.781	-56.2481	-54.5999	-48.0664	-61.2098	-60.1233	dBm,Throughput:	11.423	11.3296	11.9253	0	0	34.6779	Mbps
( 9, 9 )	RSSI:	-60.516	-nan	-60.3414	-51.3219	-55.7912	-56.1545	-49.7194	-61.8046	-60.191	dBm,Throughput:	10.3134	10.3018	10.804	0	0	31.4192	Mbps
( 10, 1 )	RSSI:	-57.2403	-60.9028	-57.0042	-51.9446	-60.9751	-52.5274	-54.8634	-53.5326	-59.9816	dBm,Throughput:	11.9954	10.7222	11.0843	11.7034	0	45.5053	Mbps
( 10, 2 )	RSSI:	-57.1928	-60.9028	-57.1083	-50.8801	-60.9751	-51.5042	-53.1548	-54.2545	-59.6533	dBm,Throughput:	11.9954	10.2901	10.8507	11.4581	0	44.5942	Mbps
( 10, 3 )	RSSI:	-57.7492	-nan	-57.6398	-50.2292	-60.9878	-50.6693	-50.6708	-55.725	-60.0152	dBm,Throughput:	11.1427	11.4114	11.1661	0	0	33.7202	Mbps
( 10, 4 )	RSSI:	-58.3517	-nan	-58.1455	-48.589	-59.9092	-50.6565	-47.7519	-56.8336	-59.8443	dBm,Throughput:	11.3179	10.804	11.3646	0	0	33.4866	Mbps
( 10, 5 )	RSSI:	-58.7543	-nan	-58.6314	-47.037	-59.2339	-51.5253	-44.5728	-57.9036	-59.1823	dBm,Throughput:	11.423	11.3646	10.4653	0	0	33.253	Mbps
( 10, 6 )	RSSI:	-59.3679	-nan	-59.0242	-44.6651	-58.7457	-52.7297	-41.9185	-58.7916	-59.1277	dBm,Throughput:	10.7339	10.2901	10.8974	0	0	31.9214	Mbps
( 10, 7 )	RSSI:	-60.124	-nan	-60.1131	-44.0516	-58.2751	-54.2297	-41.5871	-59.8216	-59.0018	dBm,Throughput:	10.8624	10.8157	11.5866	0	0	33.2646	Mbps
( 10, 8 )	RSSI:	-60.6145	-nan	-60.5153	-46.0276	-57.7299	-55.5687	-43.8919	-60.6736	-59.043	dBm,Throughput:	10.8624	10.9208	11.2478	0	0	33.031	Mbps
( 10, 9 )	RSSI:	-61.3393	-55.6715	-61.1529	-49.3631	-57.933	-55.6762	-47.0226	-61.134	-58.7718	dBm,Throughput:	11.9954	9.6944	10.8741	10.1149	0	42.6787	Mbps
( 11, 1 )	RSSI:	-58.6285	-60.9028	-58.5367	-51.113	-60.9752	-54.7925	-54.246	-51.0011	-59.1848	dBm,Throughput:	11.9954	11.3763	10.4653	10.804	0	44.641	Mbps
( 11, 2 )	RSSI:	-58.7248	-60.9028	-58.3881	-50.6817	-60.9751	-53.7798	-52.2658	-51.8038	-58.8473	dBm,Throughput:	11.9954	10.6872	11.423	11.423	0	45.5286	Mbps
( 11, 3 )	RSSI:	-58.8177	-60.9028	-58.4716	-50.157	-60.9751	-53.477	-49.4849	-53.2828	-58.4542	dBm,Throughput:	11.9954	10.3018	10.6989	10.7573	0	43.7533	Mbps
( 11, 4 )	RSSI:	-59.598	-nan	-59.5059	-47.1265	-60.9427	-53.2414	-45.5196	-55.1769	-58.5228	dBm,Throughput:	10.4069	10.8741	11.1077	0	0	32.3886	Mbps
( 11, 5 )	RSSI:	-60.0609	-nan	-59.7394	-43.2772	-60.1591	-53.9341	-40.7784	-56.7531	-58.1387	dBm,Throughput:	10.8274	10.6872	11.3062	0	0	32.8208	Mbps
( 11, 6 )	RSSI:	-60.5483	-nan	-60.5692	-36.487	-59.8307	-54.7584	-34.1463	-58.0241	-57.6739	dBm,Throughput:	10.6755	10.3835	10.6638	0	0	31.7229	Mbps
( 11, 7 )	RSSI:	-60.5414	-nan	-60.4665	-36.0871	-59.3327	-55.7886	-33.3685	-59.2611	-57.6039	dBm,Throughput:	10.1382	9.60096	10.3018	0	0	30.041	Mbps
( 11, 8 )	RSSI:	-61.512	-55.6715	-61.3136	-42.5279	-59.5649	-55.6762	-39.6778	-60.3397	-57.5912	dBm,Throughput:	11.9954	10.8974	10.8624	10.3718	0	44.127	Mbps
( 11, 9 )	RSSI:	-61.5336	-55.6715	-61.4107	-47.0846	-59.372	-55.6762	-44.6844	-60.7102	-57.8533	dBm,Throughput:	11.9954	10.4069	11.1427	10.7339	0	44.2789	Mbps
( 12, 1 )	RSSI:	-59.7019	-60.9028	-59.7172	-49.0858	-60.9752	-56.3359	-54.1451	-47.5639	-58.4065	dBm,Throughput:	11.9954	10.7339	10.7573	11.131	0	44.6176	Mbps
( 12, 2 )	RSSI:	-59.813	-60.9028	-59.6656	-49.5004	-60.9752	-55.6695	-52.0274	-49.3077	-57.7189	dBm,Throughput:	11.9954	10.8157	10.6989	10.804	0	44.3139	Mbps
( 12, 3 )	RSSI:	-60.2624	-60.9028	-59.9973	-49.4153	-60.9752	-55.6747	-49.136	-51.4095	-57.1929	dBm,Throughput:	11.9954	9.70608	10.8507	11.2829	0	43.835	Mbps
( 12, 4 )	RSSI:	-60.381	-60.9028	-60.2478	-46.8313	-60.9752	-55.9094	-44.8806	-53.343	-56.7375	dBm,Throughput:	11.9954	10.9675	10.3018	11.3646	0	44.6293	Mbps
( 12, 5 )	RSSI:	-60.5544	-nan	-60.361	-41.02	-60.9108	-55.6084	-38.4907	-55.7949	-56.4016	dBm,Throughput:	9.88128	10.3018	11.1194	0	0	31.3024	Mbps
( 12, 6 )	RSSI:	-61.0466	-nan	-61.1952	11.5911	-60.5438	-56.2716	14.5849	-57.2522	-56.3159	dBm,Throughput:	10.2083	10.2083	10.9675	0	0	31.3842	Mbps
( 12, 7 )	RSSI:	-61.6376	-55.6715	-61.6587	11.9719	-61.3353	-55.6762	14.399	-58.1503	-55.7634	dBm,Throughput:	11.9954	10.8624	10.9558	9.84624	0	43.6598	Mbps
( 12, 8 )	RSSI:	-62.0225	-55.6715	-62.0922	-39.7047	-60.9423	-55.6762	-36.7013	-59.3057	-56.4268	dBm,Throughput:	11.9954	10.9325	11.2595	10.3835	0	44.5709	Mbps
( 12, 9 )	RSSI:	-62.4881	-55.6715	-62.5847	-46.6165	-60.9214	-55.6762	-43.907	-60.6868	-56.4829	dBm,Throughput:	11.9954	9.12208	10.1499	9.85792	0	41.1253	Mbps
( 13, 1 )	RSSI:	-60.8045	-58.0499	-60.7118	-46.25	-60.4244	-56.6903	-54.2516	-43.4038	-57.5618	dBm,Throughput:	11.9954	11.9954	10.3134	10.9558	9.99808	55.2581	Mbps
( 13, 2 )	RSSI:	-61.0388	-58.0499	-61.0617	-47.8062	-60.4244	-56.6903	-52.0337	-46.1204	-56.4125	dBm,Throughput:	11.9954	11.9954	10.1966	11.096	10.8624	56.1458	Mbps
( 13, 3 )	RSSI:	-61.4157	-58.0499	-61.4025	-48.7562	-60.4244	-56.6903	-49.4025	-49.2029	-55.6136	dBm,Throughput:	11.9954	11.9954	10.6638	10.6405	10.7222	56.0173	Mbps
( 13, 4 )	RSSI:	-61.4056	-58.0499	-61.2631	-47.1932	-60.4244	-56.6903	-45.6559	-51.7305	-54.4846	dBm,Throughput:	11.9954	11.9954	10.547	10.3251	10.5237	55.3866	Mbps
( 13, 5 )	RSSI:	-61.5345	-58.0499	-61.3252	-43.0186	-60.4244	-56.6903	-40.6652	-54.3062	-53.693	dBm,Throughput:	11.9954	11.9954	10.7106	10.3251	10.2667	55.2931	Mbps
( 13, 6 )	RSSI:	-61.708	-58.0499	-61.8631	-36.9285	-60.4244	-56.6903	-34.5566	-55.7934	-53.4203	dBm,Throughput:	11.9954	11.9954	10.769	10.7806	10.8624	56.4027	Mbps
( 13, 7 )	RSSI:	-62.501	-55.6715	-62.3759	-36.7128	-62.0809	-55.6762	-33.5145	-57.4698	-54.0021	dBm,Throughput:	11.9954	10.6171	10.4069	9.8112	0	42.8306	Mbps
( 13, 8 )	RSSI:	-63.2208	-55.6715	-62.8104	-42.6728	-62.0306	-55.6762	-39.6613	-59.0916	-54.4089	dBm,Throughput:	11.9954	8.79504	11.5632	10.0682	0	42.4218	Mbps
( 13, 9 )	RSSI:	-63.3275	-55.6715	-63.123	-47.554	-61.7538	-55.6762	-44.7723	-60.3229	-55.2671	dBm,Throughput:	11.9954	10.1733	10.6171	8.65488	0	41.4406	Mbps
( 14, 1 )	RSSI:	-62.0593	-58.0499	-61.8846	-39.3992	-60.4244	-56.6903	-54.8344	-36.9811	-56.6938	dBm,Throughput:	11.9954	11.9954	10.4419	10.7222	10.3368	55.4917	Mbps
( 14, 2 )	RSSI:	-61.8346	-58.0499	-61.8203	-44.5893	-60.4244	-56.6903	-52.9955	-42.8659	-55.453	dBm,Throughput:	11.9954	11.9954	10.185	10.255	9.79952	54.2302	Mbps
( 14, 3 )	RSSI:	-61.8818	-58.0499	-61.8775	-47.9669	-60.4244	-56.6903	-50.5891	-47.4054	-54.3211	dBm,Throughput:	11.9954	11.9954	10.3018	10.477	9.90464	54.6741	Mbps
( 14, 4 )	RSSI:	-62.3417	-58.0499	-62.4591	-48.2367	-60.4244	-56.6903	-47.9628	-50.7404	-52.6765	dBm,Throughput:	11.9954	11.9954	10.2667	10.2784	10.2434	54.7792	Mbps
( 14, 5 )	RSSI:	-62.2687	-58.0499	-62.4276	-46.4248	-60.4244	-56.6903	-44.849	-53.3309	-51.6374	dBm,Throughput:	11.9954	11.9954	10.3134	10.6054	10.2784	55.188	Mbps
( 14, 6 )	RSSI:	-62.6524	-58.0499	-62.726	-44.3095	-60.4244	-56.6903	-41.9505	-55.2895	-50.8224	dBm,Throughput:	11.9954	11.9954	10.1499	10.2667	10.255	54.6624	Mbps
( 14, 7 )	RSSI:	-62.8107	-58.0499	-62.8179	-43.751	-60.4244	-56.6903	-41.7316	-56.8102	-50.846	dBm,Throughput:	11.9954	11.9954	9.96304	10.3018	9.89296	54.1485	Mbps
( 14, 8 )	RSSI:	-63.2333	-58.0499	-63.0354	-46.3523	-60.4244	-56.6903	-44.1595	-58.0966	-51.5434	dBm,Throughput:	11.9954	11.9954	9.9864	10.1616	9.71776	53.8565	Mbps
( 14, 9 )	RSSI:	-63.5918	-58.0499	-63.4874	-48.9178	-60.4244	-56.6903	-47.126	-59.0464	-52.4963	dBm,Throughput:	11.9954	11.9954	9.6944	10.185	10.0098	53.8798	Mbps
( 15, 1 )	RSSI:	-62.9954	-58.0499	-62.6337	11.4431	-60.4244	-56.6903	-55.5667	14.0386	-55.8863	dBm,Throughput:	11.9954	11.9954	10.3018	10.6522	10.1616	55.1062	Mbps
( 15, 2 )	RSSI:	-63.088	-58.0499	-63.0474	-44.0904	-60.4244	-56.6903	-53.9556	-41.8388	-54.3948	dBm,Throughput:	11.9954	11.9954	9.64768	9.79952	9.61264	53.0506	Mbps
( 15, 3 )	RSSI:	-62.7335	-58.0499	-62.961	-48.187	-60.4244	-56.6903	-51.9749	-46.7912	-52.7221	dBm,Throughput:	11.9954	11.9954	10.769	10.8974	10.6171	56.2742	Mbps
( 15, 4 )	RSSI:	-63.207	-58.0499	-62.9194	-48.6177	-60.4244	-56.6903	-50.0165	-50.2906	-50.6637	dBm,Throughput:	11.9954	11.9954	9.4024	10.0682	9.636	53.0973	Mbps
( 15, 5 )	RSSI:	-63.0895	-58.0499	-62.8338	-47.4036	-60.4244	-56.6903	-48.1442	-52.9204	-48.7031	dBm,Throughput:	11.9954	11.9954	9.9864	10.3018	10.185	54.4638	Mbps
( 15, 6 )	RSSI:	-63.5749	-58.0499	-63.2076	-46.7026	-60.4244	-56.6903	-47.016	-55.134	-47.5118	dBm,Throughput:	11.9954	11.9954	9.6944	9.7528	9.72944	53.1674	Mbps
( 15, 7 )	RSSI:	-63.6612	-58.0499	-63.4723	-46.4834	-60.4244	-56.6903	-46.6754	-56.7553	-47.1935	dBm,Throughput:	11.9954	11.9954	9.65936	10.0214	9.636	53.3075	Mbps
( 15, 8 )	RSSI:	-63.9123	-58.0499	-63.7304	-47.4311	-60.4244	-56.6903	-47.751	-57.9574	-48.2999	dBm,Throughput:	11.9954	11.9954	10.0565	9.636	10.255	53.9382	Mbps
( 15, 9 )	RSSI:	-64.5407	-58.0499	-64.1823	-49.914	-60.4244	-56.6903	-49.8346	-59.0177	-50.3088	dBm,Throughput:	11.9954	11.9954	10.0798	9.8696	8.61984	52.56	Mbps
( 16, 1 )	RSSI:	-63.4433	-58.0499	-63.2723	-38.6603	-60.4244	-56.6903	-56.2951	-37.0112	-55.3173	dBm,Throughput:	11.9954	11.9954	9.20384	9.97472	9.36736	52.5366	Mbps
( 16, 2 )	RSSI:	-63.5776	-58.0499	-63.3936	-44.7278	-60.4244	-56.6903	-55.1978	-43.0984	-53.2785	dBm,Throughput:	11.9954	11.9954	8.85344	9.89296	9.2856	52.0227	Mbps
( 16, 3 )	RSSI:	-63.6473	-58.0499	-63.3856	-47.3288	-60.4244	-56.6903	-53.8181	-47.2494	-50.9762	dBm,Throughput:	11.9954	11.9954	9.4024	10.1733	9.58928	53.1557	Mbps
( 16, 4 )	RSSI:	-63.7448	-58.0499	-63.6572	-47.9379	-60.4244	-56.6903	-52.3142	-50.5293	-48.1373	dBm,Throughput:	11.9954	11.9954	9.052	9.61264	9.14544	51.8008	Mbps
( 16, 5 )	RSSI:	-64.1266	-58.0499	-63.7464	-45.989	-60.4244	-56.6903	-51.2208	-53.1548	-44.9806	dBm,Throughput:	11.9954	11.9954	9.42576	9.93968	9.4608	52.817	Mbps
( 16, 6 )	RSSI:	-64.0803	-58.0499	-63.9627	-44.9553	-60.4244	-56.6903	-50.2381	-55.5583	-42.7318	dBm,Throughput:	11.9954	11.9954	9.33232	9.64768	9.20384	52.1746	Mbps
( 16, 7 )	RSSI:	-64.6954	-58.0499	-64.5837	-44.1991	-60.4244	-56.6903	-50.2754	-56.9082	-42.1679	dBm,Throughput:	11.9954	11.9954	9.84624	9.25056	9.7528	52.8403	Mbps
( 16, 8 )	RSSI:	-64.548	-58.0499	-64.4716	-45.8101	-60.4244	-56.6903	-50.9249	-58.051	-44.2878	dBm,Throughput:	11.9954	11.9954	8.92352	9.20384	8.80672	50.9248	Mbps
( 16, 9 )	RSSI:	-65.1668	-58.0499	-65.0518	-49.0035	-60.4244	-56.6903	-52.1699	-59.279	-47.6758	dBm,Throughput:	11.9954	11.9954	9.18048	9.5192	9.20384	51.8942	Mbps
( 17, 1 )	RSSI:	-64.4198	-58.0499	-64.0116	-45.3188	-60.4244	-56.6903	-56.883	-43.0144	-54.6439	dBm,Throughput:	11.9954	11.9954	9.21552	10.0448	9.47248	52.7235	Mbps
( 17, 2 )	RSSI:	-64.3473	-58.0499	-64.1908	-47.9023	-60.4244	-56.6903	-56.2531	-46.1108	-52.6187	dBm,Throughput:	11.9954	11.9954	9.2856	9.85792	9.29728	52.4315	Mbps
( 17, 3 )	RSSI:	-64.3077	-58.0499	-64.4363	-48.8945	-60.4244	-56.6903	-55.206	-49.2532	-49.8299	dBm,Throughput:	11.9954	11.9954	8.95856	9.85792	9.04032	51.8475	Mbps
( 17, 4 )	RSSI:	-64.5704	-58.0499	-64.4062	-47.2724	-60.4244	-56.6903	-54.4878	-51.7593	-46.2024	dBm,Throughput:	11.9954	11.9954	8.85344	9.43744	9.00528	51.2869	Mbps
( 17, 5 )	RSSI:	-65.0487	-58.0499	-64.8467	-43.6643	-60.4244	-56.6903	-53.4416	-53.8225	-41.2485	dBm,Throughput:	11.9954	11.9954	8.71328	9.08704	8.95856	50.7496	Mbps
( 17, 6 )	RSSI:	-64.9697	-58.0499	-64.7443	-37.7009	-60.4244	-56.6903	-53.0796	-55.564	-34.911	dBm,Throughput:	11.9954	11.9954	9.15712	9.64768	9.20384	51.9994	Mbps
( 17, 7 )	RSSI:	-65.0948	-58.0499	-64.8933	-36.4308	-60.4244	-56.6903	-52.8584	-56.8749	-33.8723	dBm,Throughput:	11.9954	11.9954	8.97024	9.7528	9.50752	52.2213	Mbps
( 17, 8 )	RSSI:	-65.4072	-58.0499	-65.3123	-42.6213	-60.4244	-56.6903	-53.3997	-58.3307	-40.044	dBm,Throughput:	11.9954	11.9954	9.37904	9.53088	9.37904	52.2797	Mbps
( 17, 9 )	RSSI:	-65.8636	-58.0499	-65.5298	-47.6717	-60.4244	-56.6903	-53.9938	-59.3055	-45.3362	dBm,Throughput:	11.9954	11.9954	8.97024	9.13376	8.95856	51.0533	Mbps
( 18, 1 )	RSSI:	-64.9661	-58.0499	-64.8977	-48.7489	-60.4244	-56.6903	-58.0731	-47.4897	-54.5401	dBm,Throughput:	11.9954	11.9954	8.4096	9.6944	9.344	51.4387	Mbps
( 18, 2 )	RSSI:	-65.0663	-58.0499	-65.1579	-49.7823	-60.4244	-56.6903	-57.2658	-48.804	-52.5328	dBm,Throughput:	11.9954	11.9954	8.66656	9.21552	8.65488	50.5277	Mbps
( 18, 3 )	RSSI:	-65.408	-58.0499	-65.3197	-49.3533	-60.4244	-56.6903	-56.5986	-50.9269	-49.4448	dBm,Throughput:	11.9954	11.9954	8.85344	9.50752	8.92352	51.2752	Mbps
( 18, 4 )	RSSI:	-65.7318	-58.0499	-65.238	-47.5162	-60.4244	-56.6903	-55.6649	-52.9731	-45.3069	dBm,Throughput:	11.9954	11.9954	9.39072	9.00528	9.4608	51.8475	Mbps
( 18, 5 )	RSSI:	-65.5369	-58.0499	-65.4756	-41.6356	-60.4244	-56.6903	-55.1955	-54.7074	-39.0324	dBm,Throughput:	11.9954	11.9954	8.7016	8.47968	8.9352	50.1072	Mbps
( 18, 6 )	RSSI:	-65.7814	-58.0499	-65.4514	11.1796	-60.4244	-56.6903	-55.1577	-56.2214	13.8153	dBm,Throughput:	11.9954	11.9954	9.344	10.0098	9.60096	52.9454	Mbps
( 18, 7 )	RSSI:	-65.8209	-58.0499	-65.5959	10.7918	-60.4244	-56.6903	-54.964	-57.3944	13.5457	dBm,Throughput:	11.9954	11.9954	9.4024	10.2784	9.60096	53.2725	Mbps
( 18, 8 )	RSSI:	-66.2028	-58.0499	-65.8177	-40.4638	-60.4244	-56.6903	-55.4618	-58.654	-37.3817	dBm,Throughput:	11.9954	11.9954	8.65488	9.15712	8.74832	50.551	Mbps
( 18, 9 )	RSSI:	-66.9126	-58.0499	-66.6023	-47.2078	-60.4244	-56.6903	-55.6173	-59.4593	-44.5353	dBm,Throughput:	11.9954	11.9954	8.10592	8.42128	8.49136	49.0093	Mbps
( 19, 1 )	RSSI:	-65.6801	-58.0499	-65.3038	-51.4381	-60.4244	-56.6903	-58.3904	-50.3501	-54.586	dBm,Throughput:	11.9954	11.9954	9.1688	9.6944	8.9352	51.7891	Mbps
( 19, 2 )	RSSI:	-65.6741	-58.0499	-65.5642	-51.5177	-60.4244	-56.6903	-58.0721	-51.6673	-52.6699	dBm,Throughput:	11.9954	11.9954	9.052	9.7528	9.20384	51.9994	Mbps
( 19, 3 )	RSSI:	-65.8634	-58.0499	-65.8324	-51.4167	-60.4244	-56.6903	-57.5944	-53.0292	-50.1217	dBm,Throughput:	11.9954	11.9954	8.94688	9.47248	9.04032	51.4504	Mbps
( 19, 4 )	RSSI:	-66.1527	-58.0499	-65.9764	-48.206	-60.4244	-56.6903	-56.9352	-54.2223	-45.9845	dBm,Throughput:	11.9954	11.9954	8.66656	9.50752	8.66656	50.8314	Mbps
( 19, 5 )	RSSI:	-66.4596	-58.0499	-66.1981	-43.6186	-60.4244	-56.6903	-56.8385	-55.9528	-41.2353	dBm,Throughput:	11.9954	11.9954	8.74832	9.7528	9.67104	52.1629	Mbps
( 19, 6 )	RSSI:	-66.4978	-58.0499	-66.4693	-37.4921	-60.4244	-56.6903	-56.4265	-57.1657	-34.9409	dBm,Throughput:	11.9954	11.9954	9.01696	9.39072	9.19216	51.5906	Mbps
( 19, 7 )	RSSI:	-66.7317	-58.0499	-66.4674	-36.3333	-60.4244	-56.6903	-56.5334	-58.4126	-33.8556	dBm,Throughput:	11.9954	11.9954	8.47968	8.76	8.88848	50.1189	Mbps
( 19, 8 )	RSSI:	-66.9987	-58.0499	-66.4657	-42.1261	-60.4244	-56.6903	-56.5656	-59.1415	-39.6416	dBm,Throughput:	11.9954	11.9954	8.68992	9.02864	9.1104	50.8197	Mbps
( 19, 9 )	RSSI:	-67.1192	-58.0499	-66.7831	-47.1895	-60.4244	-56.6903	-57.057	-59.9112	-45.1502	dBm,Throughput:	11.9954	11.9954	8.10592	8.54976	8.61984	49.2662	Mbps
( 20, 1 )	RSSI:	-66.5915	-58.0499	-66.3094	-53.8196	-60.4244	-56.6903	-59.0199	-53.5608	-55.0615	dBm,Throughput:	11.9954	11.9954	8.39792	9.20384	8.50304	50.0955	Mbps
( 20, 2 )	RSSI:	-66.659	-58.0499	-66.5018	-52.7027	-60.4244	-56.6903	-58.6944	-54.1548	-53.1546	dBm,Throughput:	11.9954	11.9954	8.49136	9.18048	8.85344	50.516	Mbps
( 20, 3 )	RSSI:	-66.6449	-58.0499	-66.4107	-51.9709	-60.4244	-56.6903	-58.3406	-54.8322	-50.8475	dBm,Throughput:	11.9954	11.9954	8.10592	8.6432	8.65488	49.3947	Mbps
( 20, 4 )	RSSI:	-66.9022	-58.0499	-66.73	-49.7882	-60.4244	-56.6903	-58.0152	-55.9544	-48.1359	dBm,Throughput:	11.9954	11.9954	8.65488	9.00528	9.04032	50.6912	Mbps
( 20, 5 )	RSSI:	-66.9299	-58.0499	-66.5003	-47.0967	-60.4244	-56.6903	-57.7721	-57.0756	-44.9531	dBm,Throughput:	11.9954	11.9954	9.20384	8.4096	9.67104	51.2752	Mbps
( 20, 6 )	RSSI:	-66.8237	-58.0499	-66.589	-44.9688	-60.4244	-56.6903	-57.6682	-57.7527	-42.3522	dBm,Throughput:	11.9954	11.9954	8.71328	8.97024	9.07536	50.7496	Mbps
( 20, 7 )	RSSI:	-67.0737	-58.0499	-66.7755	-44.9905	-60.4244	-56.6903	-57.6162	-58.8714	-42.1717	dBm,Throughput:	11.9954	11.9954	8.56144	8.63152	8.65488	49.8386	Mbps
( 20, 8 )	RSSI:	-67.1762	-58.0499	-66.9934	-47.0526	-60.4244	-56.6903	-57.8789	-59.467	-44.5245	dBm,Throughput:	11.9954	11.9954	8.60816	8.43296	8.9352	49.967	Mbps
( 20, 9 )	RSSI:	-67.5998	-58.0499	-67.5399	-49.6879	-60.4244	-56.6903	-57.9474	-60.4723	-47.4945	dBm,Throughput:	11.9954	11.9954	7.87232	8.10592	8.10592	48.0749	Mbps
( 21, 1 )	RSSI:	-67.1861	-58.0499	-67.0389	-55.4633	-60.4244	-56.6903	-59.455	-55.2548	-55.6596	dBm,Throughput:	11.9954	11.9954	8.25776	9.02864	8.79504	50.0722	Mbps
( 21, 2 )	RSSI:	-67.1403	-58.0499	-66.9131	-55.0362	-60.4244	-56.6903	-59.4554	-55.9307	-54.3535	dBm,Throughput:	11.9954	11.9954	8.32784	9.50752	9.41408	51.2402	Mbps
( 21, 3 )	RSSI:	-67.2335	-58.0499	-67.1528	-53.3635	-60.4244	-56.6903	-58.9642	-56.2717	-52.5243	dBm,Throughput:	11.9954	11.9954	8.78336	9.21552	9.08704	51.0766	Mbps
( 21, 4 )	RSSI:	-67.141	-58.0499	-66.9272	-52.1644	-60.4244	-56.6903	-58.9231	-57.2277	-50.5728	dBm,Throughput:	11.9954	11.9954	8.50304	8.65488	8.71328	49.8619	Mbps
( 21, 5 )	RSSI:	-67.4996	-58.0499	-67.2305	-50.2303	-60.4244	-56.6903	-58.572	-57.7833	-48.3809	dBm,Throughput:	11.9954	11.9954	7.90736	8.10592	8.3512	48.3552	Mbps
( 21, 6 )	RSSI:	-67.5039	-58.0499	-67.3375	-50.2567	-60.4244	-56.6903	-58.3302	-58.6834	-47.3641	dBm,Throughput:	11.9954	11.9954	8.57312	8.08256	8.47968	49.1261	Mbps
( 21, 7 )	RSSI:	-67.744	-58.0499	-67.4275	-49.6974	-60.4244	-56.6903	-58.7696	-59.3714	-47.0191	dBm,Throughput:	11.9954	11.9954	8.30448	8.65488	8.56144	49.5115	Mbps
( 21, 8 )	RSSI:	-68.0431	-57.7194	-67.9832	-50.2576	-60.223	-56.4826	-58.6574	-59.503	-47.3902	dBm,Throughput:	11.9954	11.9954	1.21472	3.9128	1.37824	30.4965	Mbps
( 21, 9 )	RSSI:	-68.4349	-57.7194	-68.3994	-52.9986	-60.223	-56.4826	-58.5579	-60.8234	-50.0592	dBm,Throughput:	11.9954	11.9954	2.72144	2.55792	1.19136	30.4614	Mbps
