AP location	AP	Sta1	Sta2	Sta3	Sta4	Sta5										Sta1		Sta2		Sta3	Sta4	Sta5	 Total
( 1, 1 )	RSSI:	-1.54708	10.9782	15.022	12.8036	-60.3436	-54.564	-62.2587	-63.9366	-64.3563	dBm,Throughput:	11.692	11.1164	8.504	0.237984	1.004	32.5544	Mbps
( 1, 2 )	RSSI:	-1.69622	10.9418	15.3042	12.6052	-59.2683	-53.8262	-62.1328	-63.6762	-63.8877	dBm,Throughput:	7.9	11.7016	12.688	0.868	0.32	33.4776	Mbps
( 1, 3 )	RSSI:	-1.40948	11.13	15.1771	12.7412	-58.1128	-53.3462	-61.8959	-63.9362	-64.3303	dBm,Throughput:	12.2794	10.516	9.648	0.276576	0.664	33.384	Mbps
( 1, 4 )	RSSI:	-1.44627	10.783	15.1607	12.679	-56.4794	-53.4858	-61.8498	-63.9893	-64.308	dBm,Throughput:	12.1027	9.564	9.852	1.316	0.275504	33.1102	Mbps
( 1, 5 )	RSSI:	-1.47848	10.8075	15.358	12.7407	-54.7308	-54.0471	-61.6312	-64.065	-63.7924	dBm,Throughput:	8.08458	10.8647	12.512	1.352	0.081472	32.8947	Mbps
( 1, 6 )	RSSI:	11.4843	10.0825	13.5332	10.6098	-53.8996	-55.5819	-61.5905	-64.4803	-63.516	dBm,Throughput:	34.492	12.684	7.66832	11.7028	0.437376	66.9845	Mbps
( 1, 7 )	RSSI:	11.3855	9.90939	13.5053	10.5861	-51.2725	-56.297	-61.6263	-64.6757	-63.5157	dBm,Throughput:	34.092	12.924	7.70446	11.824	0.45024	66.9947	Mbps
( 1, 8 )	RSSI:	11.6033	10.8438	13.2489	11.2731	-48.7355	-56.8417	-61.037	-63.9342	-64.8149	dBm,Throughput:	31.176	7.744	7.288	4.518	11.408	62.134	Mbps
( 1, 9 )	RSSI:	11.5025	10.4506	13.375	10.6062	-45.42	-57.4904	-61.346	-64.1469	-64.4037	dBm,Throughput:	31.176	7.744	12.684	11.728	8.09253	71.4245	Mbps
( 2, 1 )	RSSI:	-1.59166	10.6152	15.0965	12.5549	-60.1418	-52.6296	-61.9562	-63.4812	-64.2847	dBm,Throughput:	8.5	12.852	11.792	0.1876	0.692	34.0236	Mbps
( 2, 2 )	RSSI:	-1.67429	10.7995	15.2432	12.7928	-59.1657	-51.5243	-61.606	-63.4466	-63.9953	dBm,Throughput:	7.83802	13.672	9.78699	0.96	0.309808	32.5668	Mbps
( 2, 3 )	RSSI:	-1.70151	10.9549	15.205	12.8995	-57.8234	-50.8864	-61.2774	-63.4282	-64.0825	dBm,Throughput:	8.844	11.3585	10.7048	0.243344	1.396	32.5467	Mbps
( 2, 4 )	RSSI:	-1.37131	10.895	15.2443	12.582	-56.0646	-51.1575	-61.2285	-63.6566	-63.8082	dBm,Throughput:	11.876	8.748	11.34	0.9916	0.952	33.9076	Mbps
( 2, 5 )	RSSI:	-1.48166	10.9494	15.2727	12.8134	-54.1103	-51.7391	-60.8986	-63.9858	-64.2466	dBm,Throughput:	11.8949	9.82	8.54178	1.156	1.5	32.9126	Mbps
( 2, 6 )	RSSI:	-1.1973	10.8924	15.1076	12.9009	-51.4568	-53.0959	-60.9361	-63.854	-63.8742	dBm,Throughput:	11.2179	8.56	10.8686	1.832	0.169376	32.6479	Mbps
( 2, 8 )	RSSI:	11.4576	10.4001	13.3441	10.6092	-45.353	-56.1677	-61.1996	-64.5986	-63.3399	dBm,Throughput:	34.192	12.876	8.336	12.408	0	67.812	Mbps
( 2, 9 )	RSSI:	11.6243	10.4823	13.2364	10.9298	-39.6503	-56.9311	-60.8608	-63.9195	-64.0907	dBm,Throughput:	31.176	7.744	10.332	12.692	9.44	71.384	Mbps
( 3, 1 )	RSSI:	-1.55908	10.6076	15.1826	12.566	-60.0735	-50.2621	-61.5178	-62.9924	-63.8373	dBm,Throughput:	11.932	8.77006	11.436	0.697872	0.057888	32.8938	Mbps
( 3, 2 )	RSSI:	-1.519	10.9938	15.2475	12.7667	-59.0389	-48.5909	-61.037	-63.0215	-63.6907	dBm,Throughput:	10.6604	7.69571	11.848	1.828	1.152	33.1841	Mbps
