mpp	mpp	0	1		9.99985	9.99985	19.9997
map1	map1	5	6		9.99985	9.99985	19.9997
mpp	mpp	0	2		9.99985	9.99985	19.9997
mpp	map1	9	10		9.99985	8.00304	18.0029
map1	map2	5	7		9.97496	5.36357	15.3385
mpp	map2	0	3		9.99985	9.9585	19.9584
mpp	map1	9	11		9.99985	8.58565	18.5855
map1	map2	5	8		9.93723	9.73895	19.6762
mpp	map2	0	4		9.99985	8.71866	18.7185
mpp	map2	10	11		9.99985	9.6936	19.6934
map1	map2	5	9		9.92037	3.43935	13.3597
map2	map2	0	5		9.99985	9.99985	19.9997
map1	map1	5	10		9.99985	9.99985	19.9997
map2	map2	0	6		9.99985	9.99985	19.9997
map1	map2	5	11		9.08541	8.75558	17.841
mpp	map2	0	7		9.99985	4.54025	14.5401
map1	map2	6	7		9.95569	3.94856	13.9043
map2	map2	0	8		9.99985	9.99985	19.9997
map2	map2	6	8		9.99985	9.99985	19.9997
mpp	map2	0	9		9.99985	8.8756	18.8754
map1	map2	6	9		9.99864	5.84732	15.846
mpp	mpp	0	10		9.99985	9.99985	19.9997
map1	map1	6	10		9.99985	9.99985	19.9997
mpp	map2	0	11		9.99985	9.37611	19.376
mpp	mpp	1	2		9.99985	9.99985	19.9997
map1	map2	6	11		8.69859	7.54343	16.242
map2	map2	7	8		9.99985	9.99985	19.9997
mpp	map2	1	3		9.99985	9.99985	19.9997
mpp	map2	7	9		9.99985	3.30441	13.3043
mpp	map2	1	4		9.99985	9.64262	19.6425
mpp	map1	7	10		9.99985	7.38409	17.3839
mpp	map1	7	11		9.99985	6.19642	16.1963
map2	map2	1	5		9.99985	9.99985	19.9997
map1	map1	8	9		9.99985	9.99985	19.9997
map2	map2	1	6		9.99985	9.99985	19.9997
mpp	map2	1	7		9.99985	5.66244	15.6623
map1	map1	8	10		9.99985	9.99985	19.9997
map2	map2	1	8		9.99985	9.99985	19.9997
map1	map1	8	11		9.99985	9.99985	19.9997
mpp	map2	1	9		9.99985	7.93663	17.9365
mpp	mpp	1	10		9.99985	9.99985	19.9997
mpp	map2	1	11		9.99985	9.09274	19.0926
mpp	map2	2	3		9.99985	9.8979	19.8977
mpp	map2	2	4		9.99985	9.95008	19.9499
map2	map2	2	5		9.99985	9.99985	19.9997
map2	map2	2	6		9.99985	9.99985	19.9997
mpp	map2	2	7		9.99985	4.19307	14.1929
map2	map2	2	8		9.99985	9.99985	19.9997
mpp	map2	2	9		9.99985	7.41901	17.4189
mpp	mpp	2	10		9.99985	9.99985	19.9997
mpp	map2	2	11		9.99985	9.48167	19.4815
mpp	map2	3	4		9.99985	9.96573	19.9656
map2	map2	3	5		9.99985	9.99985	19.9997
map2	map1	3	6		9.99985	9.85094	19.8508
mpp	map2	3	7		9.99985	9.53947	19.5393
map2	map2	3	8		9.99985	9.99985	19.9997
mpp	map2	3	9		9.99985	8.86034	18.8602
mpp	map1	3	10		9.99985	9.94847	19.9483
mpp	map2	3	11		9.99985	9.27336	19.2732
map2	map1	4	5		9.99985	9.9581	19.9579
map2	map1	4	6		9.9284	9.8413	19.7697
mpp	map1	4	7		9.99985	9.71728	19.7171
map2	map1	4	8		9.99704	9.99985	19.9969
mpp	map1	4	9		9.99985	9.92961	19.9295
mpp	map1	4	10		9.99985	9.75099	19.7508
mpp	map1	4	11		9.99985	9.95971	19.9596
