AP location	AP	Sta1	Sta2	Sta3	Sta4	Sta5										Sta1		Sta2		Sta3	Sta4	Sta5	 Total
( 1, 1 )	RSSI:	-56.5846	-60.5602	-54.646	-61.0418	-63.3481	-63.5875	dBm,Throughput:	8.69297	20.2135	7.45822	2.65376	0.800552	39.819	Mbps
( 1, 2 )	RSSI:	-56.4953	-59.6664	-54.0831	-60.8995	-63.2889	-63.3989	dBm,Throughput:	9.91393	16.2748	7.49297	3.43559	2.24607	39.3633	Mbps
( 1, 3 )	RSSI:	-55.9555	-58.2834	-53.7687	-60.7622	-63.2602	-63.1879	dBm,Throughput:	10.6334	15.3512	9.37379	3.04883	1.56867	39.9758	Mbps
( 1, 4 )	RSSI:	-55.5005	-56.5586	-53.8654	-60.914	-63.8035	-63.5549	dBm,Throughput:	16.6328	12.6979	7.13545	3.14428	0.782345	40.3928	Mbps
( 1, 5 )	RSSI:	-55.0894	-54.8993	-54.255	-60.5598	-63.5924	-63.4276	dBm,Throughput:	10.3145	17.6055	7.06979	2.93793	2.42152	40.3492	Mbps
( 1, 6 )	RSSI:	-53.8912	-52.4467	-55.2754	-60.7182	-64.0105	-63.6886	dBm,Throughput:	17.6993	11.4317	5.90897	4.12469	1.34069	40.5054	Mbps
( 1, 7 )	RSSI:	-52.1169	-49.7499	-56.1928	-60.6142	-63.9735	-63.8815	dBm,Throughput:	14.9556	16.1423	4.79117	3.82621	0.825379	40.5407	Mbps
( 1, 8 )	RSSI:	-49.2273	-46.6259	-57.3847	-60.6753	-63.9722	-63.4597	dBm,Throughput:	18.2488	7.67669	8.54897	2.87338	2.58262	39.9305	Mbps
( 1, 9 )	RSSI:	-45.8694	-43.5222	-58.3575	-60.8967	-64.3228	-63.7723	dBm,Throughput:	20.6433	10.9286	4.64441	2.85131	1.2011	40.2687	Mbps
( 2, 1 )	RSSI:	-55.8826	-60.6171	-52.8575	-60.7643	-62.931	-63.3224	dBm,Throughput:	10.0651	13.4149	7.38869	5.59393	2.97602	39.4386	Mbps
( 2, 2 )	RSSI:	-53.7233	-59.4138	-51.5111	-60.5313	-63.1019	-63.4811	dBm,Throughput:	9.71917	18.7106	5.91172	4.31338	1.70618	40.3611	Mbps
( 2, 3 )	RSSI:	-52.8651	-58.0133	-50.8416	-60.3209	-63.0619	-63.3239	dBm,Throughput:	7.8731	19.7639	7.28055	3.85324	1.68166	40.4524	Mbps
( 2, 4 )	RSSI:	-53.1405	-56.267	-51.1367	-60.1913	-63.3324	-63.664	dBm,Throughput:	12.3923	17.2154	4.83036	4.42968	1.88947	40.7572	Mbps
( 2, 5 )	RSSI:	-53.1933	-54.2998	-52.0758	-60.018	-63.4603	-63.431	dBm,Throughput:	10.4574	17.8979	4.89821	5.11393	1.64028	40.0077	Mbps
( 2, 6 )	RSSI:	-52.6282	-51.4792	-53.3421	-60.0316	-63.4308	-63.4015	dBm,Throughput:	14.5026	14.2935	7.52055	3.20331	1.65462	41.1746	Mbps
( 2, 7 )	RSSI:	-49.5289	-47.8693	-54.8368	-60.2797	-64.1141	-63.9035	dBm,Throughput:	20.613	10.5418	4.82873	2.89545	1.64083	40.5198	Mbps
( 2, 8 )	RSSI:	-46.2991	-43.5661	-56.2675	-60.2613	-63.9151	-63.2831	dBm,Throughput:	18.144	10.0469	8.17214	3.09352	1.51779	40.9743	Mbps
( 2, 9 )	RSSI:	-40.5224	-37.7316	-57.5165	-60.3469	-64.0593	-63.472	dBm,Throughput:	17.8698	10.7388	5.60772	4.1131	2.19797	40.5273	Mbps
( 3, 1 )	RSSI:	-52.4849	-60.4648	-50.17	-60.2345	-62.61	-63.4995	dBm,Throughput:	7.82234	20.1131	4.83807	5.65186	2.06234	40.4877	Mbps
( 3, 2 )	RSSI:	-50.5971	-59.2664	-48.3104	-59.9848	-62.5945	-63.3925	dBm,Throughput:	7.55421	20.0083	5.73572	6.20745	1.44552	40.9512	Mbps
( 3, 3 )	RSSI:	-48.623	-57.8713	-47.0171	-59.6415	-62.7757	-63.5403	dBm,Throughput:	4.38897	25.2734	4.29517	3.82179	1.78759	39.5669	Mbps
( 3, 4 )	RSSI:	-50.953	-56.1676	-47.7656	-59.6479	-62.7629	-62.8958	dBm,Throughput:	13.9439	11.8626	9.43448	4.02924	1.62041	40.8906	Mbps
( 3, 5 )	RSSI:	-51.4076	-54.0216	-49.2198	-59.436	-62.8636	-62.7203	dBm,Throughput:	9.65959	13.5752	10.3014	4.48441	2.60469	40.6252	Mbps
( 3, 6 )	RSSI:	-51.3702	-51.1891	-51.0491	-59.3787	-63.2139	-62.9693	dBm,Throughput:	11.0201	16.8601	8.25931	4.44028	1.03393	41.6138	Mbps
( 3, 7 )	RSSI:	-49.7122	-47.4594	-53.1736	-59.4502	-63.3486	-63.0238	dBm,Throughput:	15.0372	12.4088	8.33545	3.64028	1.68276	41.1046	Mbps
( 3, 8 )	RSSI:	-45.074	-42.2311	-55.0915	-59.5298	-63.4616	-62.9226	dBm,Throughput:	16.4022	8.99752	9.71366	4.13407	1.86924	41.1167	Mbps
( 3, 9 )	RSSI:	9.80037	13.4087	-56.6644	-59.6188	-63.593	-62.7444	dBm,Throughput:	13.6684	9.8798	9.54703	4.90428	2.6731	40.6726	Mbps
( 4, 1 )	RSSI:	-49.6465	-60.5267	-47.364	-59.7326	-61.9109	-63.1444	dBm,Throughput:	5.8069	19.3997	6.06234	6.85959	2.89434	41.0229	Mbps
( 4, 2 )	RSSI:	-46.1128	-59.1384	-44.1368	-59.6849	-62.278	-62.7467	dBm,Throughput:	9.23531	19.8841	8.58538	4.17358	0	41.8784	Mbps
( 4, 3 )	RSSI:	-46.1435	-58.0858	-42.3929	-59.1538	-62.2606	-62.7323	dBm,Throughput:	11.0378	12.3023	6.88331	8.62786	2.38782	41.2391	Mbps
( 4, 4 )	RSSI:	-46.4679	-56.1608	-42.9621	-58.9809	-62.5427	-63.1091	dBm,Throughput:	15.9432	12.619	5.60883	4.57766	2.21131	40.96	Mbps
( 4, 5 )	RSSI:	-47.4423	-54.2349	-45.5078	-58.4656	-62.491	-62.9581	dBm,Throughput:	8.56772	19.9062	7.14869	3.55255	2.25986	41.435	Mbps
( 4, 6 )	RSSI:	-50.5128	-51.6288	-48.8081	-58.3981	-62.533	-62.4118	dBm,Throughput:	9.81407	13.4703	12.7746	3.96138	1.84717	41.8676	Mbps
( 4, 7 )	RSSI:	-49.3412	-47.9973	-51.737	-58.5758	-63.2594	-62.9527	dBm,Throughput:	17.776	8.65159	6.31813	4.52303	2.77738	40.0461	Mbps
( 4, 8 )	RSSI:	-45.494	-43.4253	-54.1258	-58.7361	-63.531	-62.9687	dBm,Throughput:	20.7641	8.992	7.67669	2.80772	1.44607	41.6866	Mbps
( 4, 9 )	RSSI:	-41.9096	-37.8003	-55.86	-58.6763	-63.4396	-63.0591	dBm,Throughput:	11.0698	16.6207	5.90345	4.55937	2.2869	40.4402	Mbps
( 5, 1 )	RSSI:	-47.3978	-60.6532	-44.8476	-59.1814	-61.2994	-62.8884	dBm,Throughput:	6.85462	19.5487	5.60662	7.25959	1.97572	41.2452	Mbps
( 5, 2 )	RSSI:	-42.9935	-59.6353	-39.5807	-58.8106	-61.3475	-62.6492	dBm,Throughput:	10.4452	14.1677	7.77048	8.05959	1.24028	41.6833	Mbps
( 5, 3 )	RSSI:	-36.5195	-58.2927	-33.679	-58.2564	-61.6694	-62.7743	dBm,Throughput:	10.6047	17.6044	4.66372	6.81545	2.37297	42.0612	Mbps
( 5, 4 )	RSSI:	-38.1951	-56.714	-35.5881	-57.877	-61.92	-62.8978	dBm,Throughput:	11.0931	19.8792	4.97545	3.73683	2.05297	41.7375	Mbps
( 5, 5 )	RSSI:	-43.7258	-54.7305	-41.6897	-57.4967	-62.2075	-62.2571	dBm,Throughput:	7.56083	19.4113	10.0033	5.42345	0	42.3989	Mbps
( 5, 6 )	RSSI:	-49.5997	-52.6766	-46.9678	-57.1879	-62.1362	-62.0297	dBm,Throughput:	8.87158	11.6971	11.2651	5.94295	3.13468	40.9114	Mbps
( 5, 7 )	RSSI:	-50.5152	-49.8249	-50.4427	-57.3067	-62.681	-62.4511	dBm,Throughput:	12.1705	13.6408	7.49587	6.78841	1.94648	42.0421	Mbps
( 5, 8 )	RSSI:	-49.0437	-46.7237	-53.2389	-57.4107	-62.8038	-62.271	dBm,Throughput:	14.2108	10.789	10.6223	3.77545	2.18814	41.5856	Mbps
( 5, 9 )	RSSI:	-46.7284	-43.5653	-55.1885	-57.8334	-63.2598	-61.9822	dBm,Throughput:	12.2477	12.5407	13.7766	3.91283	0	42.4778	Mbps
( 6, 1 )	RSSI:	-47.7527	-61.2092	-44.1193	-58.5846	-60.2611	-62.1038	dBm,Throughput:	7.36772	10.6411	9.48028	9.54284	3.44828	40.4802	Mbps
( 6, 2 )	RSSI:	-38.3058	-59.7872	-36.2685	-58.0653	-60.6877	-62.414	dBm,Throughput:	7.1829	20.779	5.40524	8.54345	0	41.9106	Mbps
( 6, 3 )	RSSI:	10.379	-58.7909	13.6144	-57.289	-60.8103	-62.1732	dBm,Throughput:	8.79559	15.8985	7.55531	7.57241	2.2069	42.0287	Mbps
( 6, 4 )	RSSI:	10.5944	-57.5179	13.6086	-56.5244	-60.947	-61.9151	dBm,Throughput:	6.23559	16.5743	10.2952	5.9851	3.25076	42.341	Mbps
( 6, 5 )	RSSI:	-43.5326	-55.7747	-40.0811	-56.0328	-61.3021	-61.8913	dBm,Throughput:	10.4646	13.3092	10.395	5.58566	2.75255	42.507	Mbps
( 6, 6 )	RSSI:	-48.5899	-53.9509	-46.0897	-55.8552	-61.9135	-62.0084	dBm,Throughput:	11.765	14.0899	7.99215	6.57931	1.52552	41.9519	Mbps
( 6, 7 )	RSSI:	-50.2375	-51.6089	-49.8911	-55.8709	-62.6432	-62.2478	dBm,Throughput:	15.3865	14.5589	8.31007	4.15834	0	42.4138	Mbps
( 6, 8 )	RSSI:	-51.318	-49.8227	-53.0576	-56.074	-62.5284	-61.8364	dBm,Throughput:	12.8767	10.987	10.0651	6.12414	2.15228	42.2052	Mbps
( 6, 9 )	RSSI:	-50.4438	-48.0506	-55.2245	-56.5104	-62.825	-62.0796	dBm,Throughput:	13.5459	12.5909	8.80903	4.3669	2.61352	41.9263	Mbps
( 7, 1 )	RSSI:	-48.0164	-61.428	-45.0472	-57.8174	-59.2321	-62.0323	dBm,Throughput:	6.56607	14.9396	5.97517	9.71862	4.60028	41.7997	Mbps
( 7, 2 )	RSSI:	-43.1057	-60.5148	-39.6093	-56.9293	-59.4761	-61.6789	dBm,Throughput:	8.10428	13.4543	10.0072	8.84579	1.84938	42.261	Mbps
( 7, 3 )	RSSI:	-37.2146	-59.5253	-33.7564	-55.8989	-59.6814	-61.3261	dBm,Throughput:	4.14179	14.0938	11.6486	7.69931	4.70621	42.2897	Mbps
( 7, 4 )	RSSI:	-39.7361	-58.3963	-35.7847	-55.0525	-60.2165	-61.4179	dBm,Throughput:	9.10897	11.5983	8.03917	11.109	2.73269	42.5881	Mbps
( 7, 5 )	RSSI:	-44.5268	-56.9683	-41.8442	-54.1866	-60.5788	-61.3496	dBm,Throughput:	5.78869	16.5283	11.8943	3.93237	3.80248	41.9461	Mbps
( 7, 6 )	RSSI:	-48.8624	-55.5085	-46.7556	-53.818	-61.2144	-61.5212	dBm,Throughput:	8.73766	16.5396	7.33959	5.74455	3.90179	42.2632	Mbps
( 7, 7 )	RSSI:	-51.8614	-53.9464	-50.5675	-53.6749	-61.5903	-61.2773	dBm,Throughput:	11.0152	10.0585	10.5352	7.8549	2.90091	42.3646	Mbps
( 7, 8 )	RSSI:	-52.3165	-52.5084	-53.0985	-54.0797	-62.0397	-61.5469	dBm,Throughput:	11.9719	14.2604	9.72414	3.65738	2.54014	42.1539	Mbps
( 7, 9 )	RSSI:	-52.4571	-51.4423	-55.4859	-54.9256	-62.505	-61.6176	dBm,Throughput:	15.3639	10.1517	10.133	3.824	2.88497	42.3575	Mbps
( 8, 1 )	RSSI:	-50.1783	-61.847	-47.5325	-57.0606	-57.7405	-61.3553	dBm,Throughput:	2.76414	14.064	8.04536	15.4676	1.504	41.8451	Mbps
( 8, 2 )	RSSI:	-47.242	-61.153	-44.4205	-55.8079	-58.1823	-61.2404	dBm,Throughput:	6.0331	14.5876	8.97876	9.67283	2.9269	42.1992	Mbps
( 8, 3 )	RSSI:	-45.8425	-60.204	-42.4156	-54.4627	-58.5894	-60.9523	dBm,Throughput:	6.44579	12.0298	10.0579	9.93766	3.95531	42.4265	Mbps
( 8, 4 )	RSSI:	-46.4234	-59.2393	-42.9748	-53.1384	-59.0944	-60.8094	dBm,Throughput:	6.32552	11.5509	9.01683	10.5777	4.26814	41.739	Mbps
( 8, 5 )	RSSI:	-48.3529	-58.1712	-45.7361	-51.817	-59.6955	-60.5686	dBm,Throughput:	4.56331	12.5523	13.0494	8.02428	4.38069	42.5699	Mbps
( 8, 6 )	RSSI:	-50.1963	-57.0576	-48.803	-51.2203	-60.3966	-60.6217	dBm,Throughput:	5.92828	14.288	9.19614	10.1721	2.672	42.2566	Mbps
( 8, 7 )	RSSI:	-51.777	-55.8986	-51.6972	-51.062	-60.9785	-60.5231	dBm,Throughput:	8.41209	8.65545	11.6182	11.1023	2.77793	42.566	Mbps
( 8, 8 )	RSSI:	-52.8325	-54.9646	-54.0666	-51.7803	-61.5544	-60.8104	dBm,Throughput:	8.99366	11.9057	9.78703	6.2891	5.40028	42.3757	Mbps
( 8, 9 )	RSSI:	-53.2685	-54.1583	-55.9914	-52.8944	-62.1036	-60.856	dBm,Throughput:	14.1975	7.72855	11.9222	4.85462	3.64303	42.3459	Mbps
( 9, 1 )	RSSI:	-52.5482	-62.2847	-50.3771	-56.2597	-56.1528	-61.0068	dBm,Throughput:	5.34124	12.491	10.5942	10.3592	3.47641	42.2621	Mbps
( 9, 2 )	RSSI:	-51.0313	-61.6626	-48.5318	-54.7382	-56.6649	-60.8866	dBm,Throughput:	8.14676	12.3851	8.08993	10.2593	3.26014	42.1412	Mbps
( 9, 3 )	RSSI:	-49.206	-60.8244	-47.3631	-52.8975	-57.3463	-60.326	dBm,Throughput:	3.56579	15.9983	11.0119	8.63228	3.271	42.4793	Mbps
( 9, 4 )	RSSI:	-49.5352	-60.114	-47.7436	-50.8142	-58.0096	-60.1126	dBm,Throughput:	5.17848	12.0116	11.0229	9.06538	5.46152	42.7399	Mbps
( 9, 5 )	RSSI:	-49.8342	-59.2514	-49.261	-48.9934	-58.8971	-59.9734	dBm,Throughput:	7.80579	10.5959	10.0403	9.568	4.6069	42.6168	Mbps
( 9, 6 )	RSSI:	-49.5678	-58.2749	-51.1172	-47.719	-59.672	-59.9271	dBm,Throughput:	6.85517	15.0461	11.2149	5.60883	3.78423	42.5092	Mbps
( 9, 7 )	RSSI:	-50.3296	-57.4819	-53.2235	-47.5797	-60.4434	-59.9041	dBm,Throughput:	9.65959	10.6367	8.88552	9.06648	4.00662	42.2549	Mbps
( 9, 8 )	RSSI:	-51.1074	-56.8657	-55.0821	-48.7195	-61.0239	-59.9243	dBm,Throughput:	9.12055	8.89931	12.955	6.28469	5.20312	42.4627	Mbps
( 9, 9 )	RSSI:	-53.3261	-56.3269	-56.7584	-50.6645	-61.7484	-60.2805	dBm,Throughput:	11.8919	8.92966	8.19752	9.22048	3.90014	42.1397	Mbps
( 10, 1 )	RSSI:	-53.2572	-62.8686	-52.904	-55.5126	-54.0069	-60.4461	dBm,Throughput:	3.42731	11.4185	5.83283	14.4237	6.34759	41.4499	Mbps
( 10, 2 )	RSSI:	-52.6695	-62.2987	-51.7729	-53.683	-54.7464	-60.0445	dBm,Throughput:	4.63228	10.1937	7.26234	13.029	7.31145	42.4287	Mbps
( 10, 3 )	RSSI:	-51.408	-61.6657	-51.1989	-51.357	-55.6069	-59.4278	dBm,Throughput:	3.90952	9.62502	11.669	13.0536	4.26207	42.5192	Mbps
( 10, 4 )	RSSI:	-50.8568	-60.9571	-51.3133	-48.6594	-56.724	-59.3224	dBm,Throughput:	6.46952	11.1956	6.39393	11.4593	6.87041	42.3888	Mbps
( 10, 5 )	RSSI:	-48.559	-60.3763	-52.1609	-45.468	-57.7189	-58.9308	dBm,Throughput:	5.38097	9.39145	9.44	12.2974	5.80579	42.3156	Mbps
( 10, 6 )	RSSI:	-47.1502	-59.5769	-53.3271	-42.9589	-58.8121	-58.9631	dBm,Throughput:	6.29297	13.778	8.0011	10.3134	4.02979	42.4153	Mbps
( 10, 7 )	RSSI:	-45.2578	-58.9746	-54.914	-42.3511	-59.8082	-58.7916	dBm,Throughput:	10.4028	5.9189	14.9412	5.78703	5.19338	42.2433	Mbps
( 10, 8 )	RSSI:	-47.252	-58.4996	-56.2164	-44.6539	-60.3993	-58.8105	dBm,Throughput:	4.224	9.46979	16.667	5.39034	6.73269	42.4839	Mbps
( 10, 9 )	RSSI:	-50.6464	-58.1644	-57.6068	-47.8679	-61.1193	-59.0508	dBm,Throughput:	8.55448	6.84138	13.9183	6.62897	6.31834	42.2615	Mbps
( 11, 1 )	RSSI:	-52.4887	-63.1441	-54.9232	-55.0994	-51.3969	-59.7291	dBm,Throughput:	2.85683	11.9818	9.68772	13.5548	4.44281	42.5239	Mbps
( 11, 2 )	RSSI:	-52.1402	-62.8795	-54.2679	-53.0202	-52.3323	-59.1557	dBm,Throughput:	3.27393	8.99366	8.112	16.0789	5.93545	42.3939	Mbps
( 11, 3 )	RSSI:	-51.5745	-62.4854	-53.9897	-50.2036	-53.6716	-58.518	dBm,Throughput:	2.44579	7.97793	8.10593	15.6618	8.29462	42.4861	Mbps
( 11, 4 )	RSSI:	-49.5257	-61.9102	-54.0078	-46.557	-55.2213	-58.0659	dBm,Throughput:	2.93903	8.64	10.3801	11.3434	9.38924	42.6919	Mbps
( 11, 5 )	RSSI:	-44.5001	-61.3569	-54.5069	-41.3822	-56.6363	-57.6582	dBm,Throughput:	3.17297	7.45379	13.8036	10.1181	7.87255	42.421	Mbps
( 11, 6 )	RSSI:	-38.2644	-60.6303	-55.316	-35.0586	-57.98	-57.4558	dBm,Throughput:	4.43366	9.61434	14.8066	8.45793	5.7931	43.1057	Mbps
( 11, 7 )	RSSI:	-37.3204	-60.3411	-56.3956	-34.1598	-59.0566	-57.3943	dBm,Throughput:	6.42759	5.36497	14.6626	8.51641	7.60221	42.5738	Mbps
( 11, 8 )	RSSI:	-44.1374	-59.878	-57.4596	-40.2569	-59.9808	-57.6907	dBm,Throughput:	6.15283	7.89738	10.9319	8.99366	8.54179	42.5175	Mbps
( 11, 9 )	RSSI:	-48.7611	-59.8139	-58.424	-45.5702	-60.7471	-57.9048	dBm,Throughput:	5.66676	4.82979	13.0003	9.312	9.44828	42.2571	Mbps
( 12, 1 )	RSSI:	-50.5112	-63.5174	-56.5932	-54.8221	-48.1573	-58.8997	dBm,Throughput:	1.94593	9.89517	14.0982	12.9462	3.22317	42.1087	Mbps
( 12, 2 )	RSSI:	-50.8239	-63.3787	-56.2624	-52.6247	-49.7237	-58.088	dBm,Throughput:	2.71614	7.67559	11.5586	14.8772	5.95917	42.7868	Mbps
( 12, 3 )	RSSI:	-50.4634	-63.0104	-56.0652	-49.6663	-51.7553	-57.3705	dBm,Throughput:	3.01297	7.31476	12.9164	12.9181	6.34979	42.512	Mbps
( 12, 4 )	RSSI:	-48.9683	-62.547	-56.0962	-45.6282	-53.8628	-56.7583	dBm,Throughput:	5.58345	7.34566	9.45159	10.3597	9.90731	42.6477	Mbps
( 12, 5 )	RSSI:	-42.4577	-61.8932	-56.3303	-39.3004	-55.7415	-56.2079	dBm,Throughput:	3.9312	10.1385	13.7446	6.33434	8.24331	42.3919	Mbps
( 12, 6 )	RSSI:	9.27491	-61.6967	-57.0083	13.4379	-57.1485	-55.8378	dBm,Throughput:	1.94631	8.58759	10.8552	9.17186	12.304	42.8649	Mbps
( 12, 7 )	RSSI:	10.2636	-61.3112	-57.7825	13.472	-58.4902	-55.7992	dBm,Throughput:	4.26483	6.18372	15.4163	8.9909	7.97241	42.8281	Mbps
( 12, 8 )	RSSI:	-39.6526	-61.0773	-58.3609	-37.387	-59.4879	-56.0521	dBm,Throughput:	4.18317	4.42428	20.4166	6.14014	7.32745	42.4916	Mbps
( 12, 9 )	RSSI:	-47.6243	-60.9889	-59.373	-44.556	-60.4013	-56.5834	dBm,Throughput:	4.86345	4.20524	13.3423	9.15641	10.8265	42.3939	Mbps
( 13, 1 )	RSSI:	-45.5439	-64.4732	-58.3028	-55.0591	-43.4169	-58.1459	dBm,Throughput:	2.26648	4.69738	5.75283	20.5545	8.82262	42.0938	Mbps
( 13, 2 )	RSSI:	-49.1171	-63.7867	-57.8131	-52.8135	-46.7209	-57.1065	dBm,Throughput:	2.19476	7.52928	13.2508	11.6817	7.78593	42.4424	Mbps
( 13, 3 )	RSSI:	-49.7236	-63.7466	-57.8394	-50.2791	-49.4622	-56.1737	dBm,Throughput:	2.36138	6.19697	5.808	22.0359	5.77545	42.1777	Mbps
( 13, 4 )	RSSI:	-49.2884	-63.1135	-57.6746	-46.517	-52.4286	-55.1771	dBm,Throughput:	3.73738	8.44745	8.27476	12.9633	9.04055	42.4634	Mbps
( 13, 5 )	RSSI:	-45.9266	-63.0974	-58.15	-41.6363	-54.5098	-54.382	dBm,Throughput:	2.28579	5.23697	7.55421	20.0425	7.41572	42.5352	Mbps
( 13, 6 )	RSSI:	-39.6426	-62.5687	-58.4704	-35.2902	-56.4804	-53.9189	dBm,Throughput:	2.50924	8.69021	9.05214	14.3211	8.14786	42.7206	Mbps
( 13, 7 )	RSSI:	-37.6069	-62.3162	-58.9254	-34.1441	-57.9911	-53.7593	dBm,Throughput:	4.688	3.61331	14.544	9.90124	9.86483	42.6114	Mbps
( 13, 8 )	RSSI:	-42.0079	-61.9928	-59.2914	-39.9828	-59.1256	-54.1134	dBm,Throughput:	2.14124	4.60753	21.6783	7.04938	6.6709	42.1474	Mbps
( 13, 9 )	RSSI:	-48.6171	-61.9274	-60.0801	-45.562	-60.2371	-54.9632	dBm,Throughput:	3.86814	4.98428	13.4223	11.1586	8.42152	41.8549	Mbps
( 14, 1 )	RSSI:	-39.4814	-64.9093	-59.5187	-55.5689	-37.4813	-57.2383	dBm,Throughput:	1.74124	3.10124	7.936	23.3004	6.24	42.3189	Mbps
( 14, 2 )	RSSI:	-45.8737	-64.3509	-59.2261	-53.67	-43.5328	-56.0835	dBm,Throughput:	1.7451	6.79228	9.12497	17.3738	7.69048	42.7266	Mbps
( 14, 3 )	RSSI:	-49.6785	-63.7382	-58.9612	-51.2643	-48.1317	-54.6726	dBm,Throughput:	1.30814	9.96524	11.4505	12.1528	7.62483	42.5015	Mbps
( 14, 4 )	RSSI:	-49.8373	-63.7427	-59.0874	-48.4974	-51.4708	-53.1953	dBm,Throughput:	3.86097	6.21793	10.3818	11.291	11.1487	42.9004	Mbps
( 14, 5 )	RSSI:	-47.7464	-63.5423	-59.3268	-45.3637	-54.0073	-52.0054	dBm,Throughput:	1.94648	4.27145	12.6604	12.1423	11.5846	42.6052	Mbps
( 14, 6 )	RSSI:	-46.4393	-63.4005	-59.6181	-42.8594	-55.9725	-51.2001	dBm,Throughput:	2.94234	5.17462	8.61076	13.7981	12.1401	42.6659	Mbps
( 14, 7 )	RSSI:	-45.9722	-63.0384	-59.9036	-42.6115	-57.6813	-51.2057	dBm,Throughput:	2.73434	7.57076	11.2077	11.9917	9.24855	42.7531	Mbps
( 14, 8 )	RSSI:	-47.8934	-62.8708	-60.3497	-44.8542	-59.0432	-51.8022	dBm,Throughput:	3.94869	5.89186	10.9247	8.32938	12.9561	42.0508	Mbps
( 14, 9 )	RSSI:	-49.6512	-62.8969	-60.742	-47.8285	-59.9105	-52.7104	dBm,Throughput:	4.00993	2.95559	14.7079	4.13186	16.2279	42.0331	Mbps
( 15, 1 )	RSSI:	11.0736	-65.2478	-60.4907	-56.1333	13.6488	-56.3289	dBm,Throughput:	1.328	3.96138	7.89628	19.6966	9.84441	42.7266	Mbps
( 15, 2 )	RSSI:	-45.1305	-64.7419	-60.3163	-54.6588	-42.1854	-54.7433	dBm,Throughput:	2.38234	5.29048	7.51559	13.9669	12.7321	41.8874	Mbps
( 15, 3 )	RSSI:	-49.065	-64.2987	-60.125	-52.9047	-47.4218	-53.0543	dBm,Throughput:	1.63624	7.97352	9.64579	14.3961	8.91697	42.5687	Mbps
( 15, 4 )	RSSI:	-50.1443	-64.1188	-60.0588	-50.8251	-51.1113	-50.9939	dBm,Throughput:	1.82566	7.65793	12.0883	11.7258	9.33186	42.6295	Mbps
( 15, 5 )	RSSI:	-49.4304	-63.9214	-60.1211	-48.9058	-53.803	-49.1635	dBm,Throughput:	2.68634	7.19503	13.6165	11.2877	7.39972	42.1853	Mbps
( 15, 6 )	RSSI:	-48.2571	-63.9702	-60.4308	-47.7019	-55.8787	-47.6855	dBm,Throughput:	3.7771	4.65159	10.4226	12.0646	11.0792	41.995	Mbps
( 15, 7 )	RSSI:	-47.6437	-63.847	-60.6843	-47.4494	-57.5602	-47.505	dBm,Throughput:	2.69959	2.912	14.2108	9.39586	13.2728	42.491	Mbps
( 15, 8 )	RSSI:	-49.3773	-63.5567	-61.0177	-48.6664	-58.9683	-48.7017	dBm,Throughput:	4.48639	5.75007	10.8403	8.7029	12.4066	42.1863	Mbps
( 15, 9 )	RSSI:	-51.1859	-63.51	-61.3813	-50.5273	-59.9405	-50.476	dBm,Throughput:	4.39338	4.13959	11.5057	9.47421	12.2472	41.76	Mbps
( 16, 1 )	RSSI:	-40.3182	-65.4585	-61.2782	-56.8848	-37.6626	-55.6413	dBm,Throughput:	1.56745	4.18979	7.84166	17.3826	11.3622	42.3437	Mbps
( 16, 2 )	RSSI:	-44.8593	-65.3804	-61.1735	-55.8557	-43.2618	-53.8568	dBm,Throughput:	1.65297	4.54014	6.02428	23.6	6.25655	42.0739	Mbps
( 16, 3 )	RSSI:	-49.0675	-65.1067	-61.089	-54.4954	-48.0109	-51.3987	dBm,Throughput:	2.65324	4.02759	7.14262	16.149	12.1214	42.0938	Mbps
( 16, 4 )	RSSI:	-49.414	-64.8733	-61.0896	-53.0927	-51.4353	-48.516	dBm,Throughput:	1.26621	4.66483	9.60772	13.589	13.365	42.4927	Mbps
( 16, 5 )	RSSI:	-48.2354	-64.2736	-61.0744	-51.9178	-54.0075	-45.4825	dBm,Throughput:	2.44248	8.10979	10.565	10.4337	10.4657	42.0166	Mbps
( 16, 6 )	RSSI:	-45.6334	-64.2954	-61.1436	-51.1195	-56.1231	-42.8252	dBm,Throughput:	2.29903	6.01159	11.4632	8.80048	13.6899	42.2642	Mbps
( 16, 7 )	RSSI:	-45.3179	-64.1554	-61.4369	-51.0394	-57.6978	-42.3978	dBm,Throughput:	2.08993	6.05848	11.5972	8.78345	13.8549	42.384	Mbps
( 16, 8 )	RSSI:	-48.0133	-63.8874	-61.5297	-51.6178	-58.9963	-44.8976	dBm,Throughput:	3.42786	6.99586	12.7266	8.48828	10.3559	41.9945	Mbps
( 16, 9 )	RSSI:	-50.0919	-64.1823	-61.9467	-52.7518	-59.9494	-47.963	dBm,Throughput:	1.78869	2.93572	12.9909	10.1732	14.0138	41.9023	Mbps
( 17, 1 )	RSSI:	-45.5015	-66.1131	-61.8938	-57.741	-43.4158	-55.1766	dBm,Throughput:	1.89848	1.64585	6.7211	20.3239	11.2585	41.8478	Mbps
( 17, 2 )	RSSI:	-48.5431	-65.4181	-61.7772	-56.8755	-46.563	-53.0642	dBm,Throughput:	1.59062	6.00166	7.01848	17.1509	9.86041	41.6221	Mbps
( 17, 3 )	RSSI:	-50.0686	-65.1859	-61.7332	-55.84	-49.7086	-50.198	dBm,Throughput:	1.60717	6.11255	7.37986	15.9498	11.1983	42.2477	Mbps
( 17, 4 )	RSSI:	-47.9154	-65.3099	-61.6333	-54.8408	-52.5292	-46.2583	dBm,Throughput:	1.72359	2.89931	11.0659	7.66014	18.9396	42.2886	Mbps
( 17, 5 )	RSSI:	-44.4728	-64.9554	-61.6695	-54.105	-54.7316	-41.4311	dBm,Throughput:	2.40938	4.38455	11.2094	10.4852	13.7065	42.195	Mbps
( 17, 6 )	RSSI:	-37.4763	-64.7784	-61.9862	-53.6389	-56.5605	-34.9689	dBm,Throughput:	1.28772	5.17076	9.51779	6.95283	19.1194	42.0486	Mbps
( 17, 7 )	RSSI:	-37.5142	-64.8136	-61.8669	-53.5807	-57.9271	-34.1734	dBm,Throughput:	1.61835	2.85186	11.8759	11.5145	14.3983	42.2589	Mbps
( 17, 8 )	RSSI:	-42.4774	-64.836	-62.3393	-53.971	-59.1066	-40.1256	dBm,Throughput:	1.41021	3.19693	9.32414	8.46071	19.4453	41.8373	Mbps
( 17, 9 )	RSSI:	-47.883	-64.7324	-62.3416	-54.6753	-60.118	-45.4838	dBm,Throughput:	3.18897	2.77076	12.6703	4.34152	17.9768	40.9484	Mbps
( 18, 1 )	RSSI:	-50.0122	-65.7697	-62.4833	-58.3641	-47.9765	-55.074	dBm,Throughput:	0.939034	5.57848	7.35228	17.5073	10.6196	41.9967	Mbps
( 18, 2 )	RSSI:	-51.4102	-65.5066	-62.1621	-57.7158	-49.7917	-52.8344	dBm,Throughput:	1.92883	5.96138	8.68138	14.0723	10.7283	41.3721	Mbps
( 18, 3 )	RSSI:	-50.6635	-65.888	-62.3776	-57.0742	-51.6073	-49.7423	dBm,Throughput:	1.21445	2.37462	6.0171	20.2952	11.9222	41.8236	Mbps
( 18, 4 )	RSSI:	-48.9572	-65.8129	-62.2798	-56.4524	-53.4805	-45.7122	dBm,Throughput:	1.12198	2.59034	7.09021	21.2193	9.43448	41.4563	Mbps
( 18, 5 )	RSSI:	-43.0505	-65.2643	-62.151	-55.9326	-55.5683	-39.4061	dBm,Throughput:	1.48028	4.79448	10.5949	13.3241	11.563	41.7568	Mbps
( 18, 6 )	RSSI:	10.3278	-65.4816	-62.4898	-55.6289	-57.0369	13.4987	dBm,Throughput:	2.07393	2.63779	6.64993	14.3448	16.1418	41.8483	Mbps
( 18, 7 )	RSSI:	9.60344	-65.0375	-62.4506	-55.5736	-58.3272	13.4219	dBm,Throughput:	1.61434	4.90483	8.18372	14.3393	12.2692	41.3114	Mbps
( 18, 8 )	RSSI:	-40.1286	-65.1479	-62.6643	-55.715	-59.4213	-37.4119	dBm,Throughput:	1.63421	2.13738	11.861	8.5444	17.2949	41.4719	Mbps
( 18, 9 )	RSSI:	-47.1526	-65.3316	-62.6775	-56.176	-60.1687	-44.4444	dBm,Throughput:	0.916966	2.36469	11.6066	10.4121	16.3862	41.6866	Mbps
( 19, 1 )	RSSI:	-53.3315	-65.7866	-62.8352	-58.9861	-51.4831	-55.184	dBm,Throughput:	0.607448	5.90648	6.54345	13.9774	12.7139	39.7487	Mbps
( 19, 2 )	RSSI:	-53.0275	-66.0915	-62.7149	-58.4806	-52.3747	-52.9547	dBm,Throughput:	1.33903	2.44028	8.87117	13.8505	14.5065	41.0074	Mbps
( 19, 3 )	RSSI:	-51.9129	-65.9289	-62.6092	-58.0292	-53.758	-50.1441	dBm,Throughput:	1.71145	2.98593	8.98648	12.8932	14.8557	41.4328	Mbps
( 19, 4 )	RSSI:	-49.804	-65.5361	-62.3499	-57.5826	-55.1927	-46.5122	dBm,Throughput:	1.22759	2.84414	15.9818	10.7912	10.4739	41.3186	Mbps
( 19, 5 )	RSSI:	-44.7998	-65.7204	-62.7039	-57.3146	-56.6161	-41.4637	dBm,Throughput:	1.45214	3.56524	8.58317	14.5451	13.7076	41.8532	Mbps
( 19, 6 )	RSSI:	-36.8409	-65.7383	-63.0862	-57.0004	-57.8587	-34.9236	dBm,Throughput:	1.26234	3.57021	5.71034	6.97214	23.7782	41.2932	Mbps
( 19, 7 )	RSSI:	-36.926	-65.5973	-62.7627	-56.9955	-58.9249	-34.0859	dBm,Throughput:	1.03834	2.72828	10.7022	9.1691	17.7319	41.3698	Mbps
( 19, 8 )	RSSI:	-43.5886	-65.3131	-62.6976	-57.1911	-59.8142	-40.2989	dBm,Throughput:	2.00772	3.26621	14.565	7.51669	13.547	40.9026	Mbps
( 19, 9 )	RSSI:	-47.8932	-65.5092	-63.2456	-57.5414	-60.6218	-45.4674	dBm,Throughput:	2.736	2.59862	7.77379	7.97394	19.3506	40.433	Mbps
( 20, 1 )	RSSI:	-54.9399	-66.3886	-63.3136	-59.4606	-53.9833	-55.6111	dBm,Throughput:	0.603586	3.68386	6.72055	15.0561	14.7961	40.8602	Mbps
( 20, 2 )	RSSI:	-54.2773	-66.1613	-63.274	-59.1394	-54.5332	-53.7501	dBm,Throughput:	0.908612	5.20276	3.84662	16.5451	13.6761	40.1792	Mbps
( 20, 3 )	RSSI:	-53.4118	-65.771	-63.1588	-58.872	-55.567	-51.374	dBm,Throughput:	1.26743	5.48193	8.46954	11.2618	14.059	40.5397	Mbps
( 20, 4 )	RSSI:	-51.4972	-65.9269	-62.967	-58.5502	-56.5727	-48.5791	dBm,Throughput:	1.61766	3.24083	9.92717	13.4792	12.3448	40.6097	Mbps
( 20, 5 )	RSSI:	-48.5962	-65.9215	-63.3108	-58.3896	-57.6715	-45.4426	dBm,Throughput:	2.21407	4.38566	4.62246	14.416	14.3741	40.0123	Mbps
( 20, 6 )	RSSI:	-44.2823	-66.1958	-63.5333	-58.0264	-58.5734	-42.4207	dBm,Throughput:	0.764138	2.13352	5.74014	9.536	23.2077	41.3815	Mbps
( 20, 7 )	RSSI:	-44.894	-65.8015	-63.1722	-58.0993	-59.4912	-42.3475	dBm,Throughput:	1.63034	2.44193	9.96634	7.67393	19.195	40.9076	Mbps
( 20, 8 )	RSSI:	-47.4626	-65.7926	-63.4562	-58.2558	-60.3347	-44.7708	dBm,Throughput:	1.23531	4.14897	5.21598	12.2731	17.5928	40.4662	Mbps
( 20, 9 )	RSSI:	-49.9508	-65.7376	-63.3955	-58.3926	-60.8437	-47.7998	dBm,Throughput:	0.879448	3.16634	9.8411	5.36441	21.0588	40.3101	Mbps
( 21, 1 )	RSSI:	-56.8428	-66.3156	-63.587	-59.8707	-56.0568	-56.3842	dBm,Throughput:	1.23145	3.86317	4.86348	13.7468	16.0966	39.8014	Mbps
( 21, 2 )	RSSI:	-55.8538	-66.4314	-63.6201	-59.6605	-56.4074	-54.7841	dBm,Throughput:	0.831281	3.07405	4.99917	16.2091	15.5608	40.6744	Mbps
( 21, 3 )	RSSI:	-54.2739	-66.4764	-63.637	-59.3036	-57.1374	-52.6892	dBm,Throughput:	1.351	2.14952	5.75279	9.46814	21.1647	39.8861	Mbps
( 21, 4 )	RSSI:	-53.9893	-66.4486	-63.4487	-59.3189	-57.7634	-51.05	dBm,Throughput:	1.67228	3.04993	4.54566	20.5164	10.2709	40.0552	Mbps
( 21, 5 )	RSSI:	-51.4046	-66.6667	-63.5317	-59.0616	-58.5841	-48.9572	dBm,Throughput:	0.978759	2.23283	4.85021	15.0863	17.0179	40.1661	Mbps
( 21, 6 )	RSSI:	-50.2423	-65.9926	-63.4652	-58.9418	-59.4548	-47.5583	dBm,Throughput:	1.83228	3.6149	7.02234	9.93434	17.2949	39.6988	Mbps
( 21, 7 )	RSSI:	-51.2469	-65.9804	-63.16	-59.0695	-60.0747	-47.6268	dBm,Throughput:	1.1029	2.28329	11.8781	12.9657	11.8786	40.1085	Mbps
( 21, 8 )	RSSI:	-51.4583	-65.7725	-63.3548	-59.0527	-60.8073	-48.5877	dBm,Throughput:	2.66814	4.15724	9.04993	5.85379	17.2292	38.9583	Mbps
( 21, 9 )	RSSI:	-52.5598	-66.1969	-63.6035	-59.1102	-61.2307	-50.3528	dBm,Throughput:	1.46869	1.37674	8.27586	6.47338	20.5258	38.1205	Mbps
