AP location	AP	Sta1	Sta2	Sta3	Sta4	Sta5										Sta1		Sta2		Sta3	Sta4	Sta5	 Total
( 1.5, 1.5 )	RSSI:	-55.3925	-59.7318	-53.1793	-61.3715	-64.0123	-63.7151	dBm,Throughput:	16.2588	15.2397	5.36276	4.21462	0	41.0759	Mbps
( 1.5, 4.5 )	RSSI:	-53.5305	-55.2345	-52.7287	-60.8694	-64.1271	-63.5386	dBm,Throughput:	16.2019	15.8648	5.85103	3.376	0	41.2938	Mbps
( 1.5, 7.5 )	RSSI:	-49.6072	-47.0709	-56.1393	-60.4379	-63.8643	-63.3255	dBm,Throughput:	16.8287	11.4477	7.77159	2.92414	1.72745	40.6996	Mbps
( 4.5, 1.5 )	RSSI:	-46.5705	-60.0059	-44.0883	-59.3395	-61.6346	-63.0258	dBm,Throughput:	9.79862	18.2422	7.14648	4.50483	1.72634	41.4185	Mbps
( 4.5, 4.5 )	RSSI:	-45.3085	-55.4591	-41.7897	-58.2498	-62.2651	-62.7405	dBm,Throughput:	14.6538	11.9244	8.27531	4.4469	2.48331	41.7837	Mbps
( 4.5, 7.5 )	RSSI:	-49.6462	-47.1158	-52.418	-57.9394	-62.865	-62.4117	dBm,Throughput:	12.3989	12.4419	9.34345	5.35228	2.3669	41.9034	Mbps
( 7.5, 1.5 )	RSSI:	-47.9383	-61.4274	-44.2928	-56.9122	-58.6459	-61.6137	dBm,Throughput:	5.30759	11.2303	7.15366	12.261	6.16497	42.1175	Mbps
( 7.5, 4.5 )	RSSI:	-44.5158	-58.1391	-41.5998	-53.5869	-60.0256	-61.2993	dBm,Throughput:	7.6811	14.6301	7.73628	7.60662	4.56772	42.2218	Mbps
( 7.5, 7.5 )	RSSI:	-52.2433	-54.32	-52.4499	-52.6765	-61.6382	-60.9924	dBm,Throughput:	12.4116	8.77903	12.4601	6.0331	2.29959	41.9834	Mbps
( 10.5, 1.5 )	RSSI:	-52.4637	-62.7793	-53.4088	-54.1215	-53.1138	-59.4472	dBm,Throughput:	1.84497	8.80552	15.8742	13.3914	2.78952	42.7057	Mbps
( 10.5, 4.5 )	RSSI:	-48.6697	-61.0523	-53.0049	-45.5602	-56.5858	-58.4683	dBm,Throughput:	5.38317	8.77076	9.73848	12.3261	6.36966	42.5881	Mbps
( 10.5, 7.5 )	RSSI:	-43.8528	-59.4383	-56.2725	-40.4658	-59.824	-58.1904	dBm,Throughput:	6.93462	7.81076	13.2314	4.15853	10.2494	42.3847	Mbps
( 13.5, 1.5 )	RSSI:	-44.8739	-64.3844	-58.737	-54.3701	-42.7694	-57.1898	dBm,Throughput:	2.31503	5.94703	7.42014	20.4783	6.13131	42.2919	Mbps
( 13.5, 4.5 )	RSSI:	-48.1996	-63.4971	-58.5911	-45.5224	-52.9862	-53.7705	dBm,Throughput:	3.0389	3.86262	10.8331	17.8301	7.024	42.5887	Mbps
( 13.5, 7.5 )	RSSI:	-43.7932	-62.5581	-59.6415	-40.519	-58.4943	-52.7519	dBm,Throughput:	3.17352	6.80497	13.5222	8.16938	11.0488	42.7189	Mbps
( 16.5, 1.5 )	RSSI:	-45.4589	-65.4472	-61.521	-56.8133	-42.8165	-54.4364	dBm,Throughput:	1.75228	4.016	7.61876	17.7556	10.7644	41.9071	Mbps
( 16.5, 4.5 )	RSSI:	-48.0433	-65.2371	-61.5365	-53.5866	-52.9795	-45.5004	dBm,Throughput:	2.0629	1.94207	7.22648	18.261	12.7526	42.245	Mbps
( 16.5, 7.5 )	RSSI:	-44.5888	-64.6497	-61.5873	-52.5005	-58.4241	-40.6406	dBm,Throughput:	2.87669	1.87593	16.6886	11.173	9.61821	42.2323	Mbps
( 19.5, 1.5 )	RSSI:	-54.1429	-66.0013	-62.7153	-59.1457	-52.9924	-54.5189	dBm,Throughput:	1.52772	3.57076	9.8251	16.9137	9.17186	41.0091	Mbps
( 19.5, 4.5 )	RSSI:	-48.7714	-65.6683	-62.8324	-57.9571	-56.547	-45.5292	dBm,Throughput:	2.25899	4.56386	8.77297	12.0474	13.0748	40.718	Mbps
( 19.5, 7.5 )	RSSI:	-43.2016	-65.6012	-62.926	-57.5958	-59.6373	-40.4169	dBm,Throughput:	1.13766	2.46897	12.7972	7.11062	17.7379	41.2524	Mbps
